75305
75302
75302
75301
75302
75306
75301
75302
75301
75301
75301
75301
75301
75301
75301
75305
75318
75302
75301
96553
106070
106258
106176
106110
106266
106248
106523
106249
105975
105772
106345
106203
105929
106215
106379
106384
106456
105964
106536
114245
116497
116192
116239
116261
116522
116485
116417
116304
116508
116391
116464
116418
116426
116450
116213
116454
116315
116275
116471
116382
123728
125405
125484
125279
125351
125380
125464
125615
125516
125501
125449
125375
125715
125432
125528
125331
125333
125498
125407
125533
125604
129684
138949
138946
138764
138928
138835
138902
138944
138861
139016
138872
138930
138878
138932
138801
138966
138887
138905
138905
138905
