75332
75302
75302
75301
75308
75308
75301
75302
75302
75302
75302
75885
75464
75457
75470
75452
75456
75464
75453
75460
75451
75455
75465
75455
75457
75456
75436
75453
75459
75460
75466
75453
75460
75457
75479
75459
75460
75462
75462
75460
75454
75447
75449
75458
75466
75455
75453
75455
75465
75456
75452
75458
75459
75477
75477
75461
75459
75464
75470
75462
75459
75457
75462
75466
75455
75450
75468
75450
75461
75450
75462
75455
75454
75454
75472
75450
75458
75454
75460
75456
75457
75452
75458
75463
75473
75455
75457
75459
75454
75468
75457
75457
75458
75470
75476
75453
75456
75472
75463
75463
75463
