75327
75302
75302
75302
75301
75302
75308
75301
75301
75303
75302
75302
75302
75302
75301
75302
75302
75302
75302
75302
75307
75910
75750
75430
75445
75450
75444
75448
75438
75448
75450
75443
75446
75449
75450
75447
75438
75446
75439
75444
75457
75444
75423
75438
75673
78012
78024
78004
78008
78005
78017
77995
78011
78004
78018
78009
78007
77999
78012
78003
78009
78003
78006
78002
78009
78049
78313
78280
78269
78287
78294
78298
78291
78305
78294
78295
78280
78302
78284
78299
78309
78291
78285
78292
78309
78308
78297
79513
79804
79844
79817
79817
79813
79847
79823
79847
79832
79821
79844
79844
79844
