75175
75171
75228
75186
75176
75170
75170
75176
75175
75173
75171
75173
75174
75176
75171
75173
75170
75170
75173
75173
75173
75170
75171
75172
75172
75174
75170
75172
75171
75170
75171
75174
75175
75173
75175
75171
75173
75174
75174
75172
75169
75172
75172
75178
75176
75174
75174
75172
75173
75173
75173
75169
75172
75173
75176
75174
75172
75171
75172
75175
75173
75172
75170
75174
75176
75171
75170
75174
75173
75169
75176
75172
75174
75171
75171
75172
75173
75171
75172
75173
75175
75173
75173
75174
75175
75175
75170
75175
75171
75172
75170
75169
75174
75170
75171
75174
75169
75176
75173
75173
75173
