75302
75302
75303
75301
75302
75302
75301
75302
75301
97940
106419
106591
106463
106522
106493
106897
106820
106584
106510
106486
107074
106609
106419
106462
106631
106138
107042
106832
106574
106746
106708
106488
106985
106515
106545
106265
106616
106265
106497
106607
107182
106940
106738
106567
106963
106477
106568
106601
106483
106431
106679
106425
107095
106658
106573
106862
106289
106549
106581
106667
106514
106393
106285
106470
106294
106844
106167
106746
106812
106650
106443
106338
106428
106204
106573
106201
106777
106765
106374
106309
106454
106803
106557
107025
106743
106916
106848
106460
106334
106140
106836
106840
106272
106575
106205
106964
106258
106815
106232
106232
106232
