75318
75304
75302
75302
75309
75301
75302
75301
75302
75302
75312
75351
75309
75310
75320
75308
75307
75311
75311
75308
75305
75311
75305
75316
75316
75307
75310
75308
75311
75307
75306
75307
75309
75309
75320
75303
75306
75304
75310
75309
75302
75306
75306
75312
75306
75310
75308
75303
75307
75307
75311
75308
75305
75311
75308
75307
75309
75310
75306
75305
75308
75306
75307
75307
75306
75305
75306
75311
75307
75303
75304
75311
75307
75307
75308
75311
75307
75307
75313
75307
75311
75308
75311
75306
75308
75307
75305
75302
75313
75308
75310
75305
75304
75310
75307
75306
75308
75305
75313
75313
75313
