75176
75175
75173
75174
75170
75171
75171
75177
75186
75176
75172
75172
75176
75175
75172
75174
75173
75173
75183
75174
75177
75171
75175
75174
75174
75171
75170
75173
75177
75175
75174
75177
75173
75177
75171
75175
75173
75176
75178
75174
75175
75174
75173
75175
75170
75173
75175
75175
75175
75173
75178
75172
75171
75170
75173
75173
75171
75171
75175
75173
75177
75173
75173
75172
75174
75173
75175
75172
75176
75174
75170
75172
75177
75177
75174
75174
75173
75178
75173
75174
75175
75175
75176
75172
75172
75172
75174
75172
75174
75173
75172
75173
75170
75169
75171
75173
75173
75244
75210
75210
75210
