75171
75173
75185
75175
75168
75169
75175
75175
75169
75172
75171
75171
75183
75173
75173
75171
75171
75175
75173
75170
75172
75171
75179
75177
75173
75174
75172
75170
75170
75175
75169
75170
75170
75171
75173
75171
75171
75172
75173
75171
75174
75171
75177
75172
75173
75173
75172
75168
75174
75173
75174
75172
75179
75172
75174
75173
75170
75173
75169
75171
75172
75174
75169
75175
75174
75170
75174
75172
75173
75173
75172
75172
75171
75174
75171
75172
75172
75173
75172
75173
75173
75172
75169
75171
75171
75170
75173
75176
75171
75172
75175
75172
75172
75175
75171
75175
75173
75172
75172
75172
75172
