75308
75302
75302
75320
75301
75302
75310
75301
75302
79082
79079
79112
79094
79103
79085
79094
79088
79093
79103
79072
79103
79118
79091
79077
79090
79089
79105
79078
79099
79084
79070
79081
79094
79086
79093
79086
79092
79098
79113
79085
79094
79107
79072
79085
79069
79069
79095
79081
79092
79082
79106
79099
79109
79108
79097
79096
79069
79066
79074
79084
79103
79077
79086
79076
79102
79092
79075
79105
79110
79085
79095
79109
79084
79092
79084
79089
79096
79076
79058
79081
79080
79089
79065
79081
79080
79082
79070
79068
79087
79072
79087
79079
79069
79081
79075
79082
79109
79083
79081
79081
79081
