75321
75302
75302
75308
75302
75302
75301
75301
75301
75302
75310
75332
76207
77829
77829
77826
77825
77828
77825
77828
77827
77825
77827
77832
77825
77824
77827
77828
77827
77827
77828
77826
77826
77827
77827
77827
77828
77828
77827
77828
77826
77826
77829
77825
77826
77826
77827
77826
77826
77825
77827
77825
77828
77825
77827
77827
77827
77825
77826
77825
77826
77824
77826
77828
77828
77826
77827
77826
77829
77827
77825
77827
77826
77828
77827
77825
77826
77827
77826
77828
77826
77827
77827
77825
77828
77824
77827
77826
77827
77826
77824
77825
77826
77825
77827
77827
77827
77827
77825
77825
77825
