75303
75301
75302
75305
75302
75305
75301
75301
75301
75312
75302
75302
75302
75302
75302
75301
75301
75302
75301
75301
75302
75302
75302
75301
75301
75301
75302
75301
75302
75304
75301
75302
75301
75302
75302
75302
75301
75302
75302
75301
75301
75302
75301
75301
75301
75302
75302
75302
75302
75302
75315
75302
75301
75303
75301
75302
75302
75301
75301
75302
75302
75302
75302
75301
75302
75301
75301
75302
75301
75302
75301
75302
75302
75302
75301
75301
75302
75301
75302
75301
75302
75302
75302
75302
75302
75302
75302
75301
75302
75301
75302
75302
75302
75302
75302
75302
75302
75302
75301
75301
75301
