75305
75302
75301
75301
75301
75301
75301
75301
75301
78880
78878
78881
78882
78882
78882
78872
78873
78883
78875
78889
78874
78873
78877
78877
78888
78888
78886
78884
78884
78885
78885
78878
78876
78877
78881
78880
78867
78884
78995
78888
78883
78890
78883
78879
78888
78872
78880
78888
78889
78883
78888
78879
78898
78883
78887
78874
78884
78882
78881
78885
78873
78884
78878
78869
78875
78879
78877
78872
78892
78875
78880
78868
78875
78877
78881
78872
78882
78875
78880
78887
78878
78867
78878
78882
78872
78880
78876
78874
78879
78883
78882
78886
78881
78884
78873
78880
78882
78879
78890
78890
78890
