83881
83863
83852
83855
83856
83853
83857
83854
83855
83868
83855
84660
84515
84264
84337
84225
84235
84253
84268
84266
84256
84246
84262
84253
84247
84246
84268
84253
84250
84250
84262
84242
84283
84243
84268
84237
84267
84253
84247
84274
84305
84235
84245
84249
84278
84248
84260
84250
84275
84242
84245
84250
84264
84238
84246
84263
84277
84248
84230
84268
84281
84241
84245
84275
84262
84242
84236
84273
84250
84257
84255
84284
84253
84277
84251
84278
84260
84278
84247
84249
84253
84287
84247
84260
84250
84219
84251
84249
84251
84237
84241
84244
84253
84251
84235
84248
84261
84240
84247
84247
84247
