83890
83874
83878
83886
83882
83867
83866
83879
83865
86114
86111
86117
86132
86123
86132
86133
86120
86135
86117
86134
86119
86122
86135
86145
86127
86121
86130
86170
86122
86132
86136
86140
86115
86133
86111
86133
86130
86128
86127
86133
86121
86120
86121
86127
86121
86135
86123
86125
86125
86143
86113
86148
86133
86128
86128
86120
86122
86122
86134
86139
86145
86113
86129
86138
86140
86130
86120
86134
86117
86119
86148
86130
86127
86142
86142
86164
86134
86130
86137
86130
86121
86139
86136
86135
86115
86105
86130
86118
86138
86124
86117
86120
86123
86130
86135
86125
86127
86126
86129
86129
86129
