83856
83855
83854
83867
83863
83864
83857
83868
83857
84046
83855
83851
83854
83853
83857
83861
83850
83856
83865
83862
83860
83863
83862
83847
83863
83857
83872
83854
83867
83855
83851
83864
83863
83852
83857
83851
83860
83862
83853
83861
83859
83851
83848
83851
83856
83851
83858
83849
83856
83855
83860
83852
83865
83854
83851
83859
83857
83857
83856
83850
83855
83850
83848
83853
83859
83854
83851
83858
83853
83854
83856
83860
83855
83858
83857
83852
83852
83849
83851
83849
83847
83856
83851
83857
83854
83866
83862
83851
83857
83855
83857
83849
83859
83848
83863
83849
83860
83858
83867
83867
83867
