83865
83862
83854
83853
83854
83858
83850
83852
83853
83854
167585
167851
167861
167825
167950
167814
167730
167868
167188
167636
167923
166848
167188
167771
167791
167932
167712
167986
168001
167865
167752
167934
167943
167966
167766
167809
167887
167731
167982
167950
167538
167807
167766
167986
167787
167578
167890
167645
167806
167840
167583
168096
167871
167521
167748
167754
167658
167833
167579
167685
167923
168035
167901
167651
167740
167780
168075
167700
167885
167480
167790
167762
167740
167917
167804
167657
167506
167633
167892
167995
167803
167956
167842
167702
167820
167956
167852
167657
167643
167706
167816
167594
167861
167524
167595
167638
167819
167695
167802
167802
167802
