83859
83860
83857
83860
83858
83857
83858
83861
83865
83856
88321
88340
88323
88313
88317
88306
88308
88311
88289
88328
88315
88318
88426
88319
88304
88315
88324
88312
88326
88330
88304
88331
88317
88329
88319
88347
88327
88329
88307
88318
88320
88319
88310
88319
88298
88300
88303
88314
88327
88336
88306
88302
88318
88313
88330
88313
88328
88328
88324
88322
88329
88331
88307
88340
88307
88347
88325
88334
88309
88322
88310
88287
88316
88303
88321
88311
88314
88343
88310
88296
88307
88325
88314
88337
88336
88313
88301
88334
88302
88341
88306
88310
88334
88319
88339
88313
88321
88304
88317
88317
88317
