83854
83863
83865
83852
83858
83858
83863
83867
83867
83860
83862
83899
83862
83859
83861
83852
83862
83864
83847
83863
83867
83866
83853
83867
83865
83865
83861
83863
83859
83864
83860
83858
83856
83861
83857
83857
83866
83874
83862
83863
83867
83858
83862
83856
83870
83859
83856
83858
83864
83858
83858
83869
83864
83859
83868
83867
83874
83872
83858
83858
83861
83864
83867
83854
83868
83856
83863
83868
83864
83872
83868
83868
83868
83872
83862
83871
83858
83868
83869
83865
83859
83863
83865
83859
83862
83862
83865
83861
83863
83858
83857
83855
83864
83858
83861
83860
83857
83856
83861
83861
83861
