83872
83878
83881
83868
83882
83891
83879
83883
83877
83890
83877
83887
83883
83878
83879
83883
83883
83886
83880
133740
167606
167450
167606
167447
167693
167449
167628
167426
167468
167483
167576
167360
167621
167544
167584
167515
167371
167266
167410
167452
169684
173994
174026
173972
174161
173965
174141
174239
174025
173931
173874
173852
173692
173887
174074
173872
173952
173643
173889
174008
173986
174296
177218
184156
183934
184054
183967
183864
184174
183822
183838
183685
184247
184006
183969
183956
183758
183906
184029
183802
183908
183861
183884
183797
184228
199947
202508
202456
202665
202709
202639
202568
202697
202738
202673
202651
202729
202633
202554
202554
202554
