83862
83861
83859
83856
83866
83874
83861
83864
83865
83860
83908
83946
84113
84318
84295
84339
84341
84307
84289
84311
84315
84314
84315
84292
84302
84300
84295
84293
84301
84304
84283
84304
84319
84279
84311
84313
84310
84308
84304
84333
84298
84299
84306
84303
84308
84307
84300
84299
84296
84290
84303
84305
84315
84308
84314
84298
84312
84309
84307
84306
84324
84305
84308
84305
84296
84302
84300
84281
84291
84291
84296
84286
84308
84306
84307
84298
84304
84309
84294
84292
84292
84297
84300
84315
84305
84306
84298
84296
84305
84296
84292
84296
84303
84296
84285
84302
84304
84290
84282
84282
84282
