83880
83871
83873
83871
83886
83878
83884
83881
83885
83879
83882
83876
83869
83878
83875
83881
83880
83884
83886
83882
83894
83884
83877
83883
83879
83876
83879
83876
83887
83879
83880
83872
83877
83875
83881
83874
83875
83875
83879
83876
83873
83882
83874
83884
83872
83872
83875
83876
83885
83882
83872
83881
83876
83866
83880
83870
83870
83876
83881
83873
83882
83871
83871
83882
83874
83881
83881
83879
83887
83874
83866
83863
83877
83874
83871
83880
83866
83874
83878
83875
83867
83878
83873
83872
83863
83874
83878
83879
83867
83878
83877
83881
83891
83868
83880
83877
83878
83869
83878
83878
83878
