83873
83878
83867
83905
83889
83867
83872
83875
83878
83872
83872
83874
83869
83868
83875
83870
83871
83881
83869
83883
83873
83871
83877
83871
83877
83893
83886
83869
83878
83887
83882
83872
83875
83879
83870
83884
83883
83872
83877
83876
83867
83876
83874
83877
83879
83877
83879
83873
83868
83870
83876
83881
83876
83871
83870
83878
83875
83858
83872
83875
83872
83872
83875
83869
83871
83866
83875
83866
83872
83873
83882
83872
83875
83871
83879
83874
83874
83865
83882
83870
83877
83869
83867
83865
83869
83864
83871
83872
83869
83867
83872
83879
83874
83863
83878
83876
83867
83866
83873
83873
83873
