83983
83875
83870
83877
83888
83883
83866
83867
83866
83869
83868
83867
83864
83865
83890
83872
83873
83866
83874
83860
83871
83869
84686
85294
84286
84319
84259
84278
84262
84268
84274
84265
84264
84276
84280
84267
84273
84263
84290
84272
84271
84292
84246
84268
84255
84217
84266
84284
84927
84721
84722
84723
84723
84742
84728
84719
84729
84719
84743
84723
84731
84719
84722
84729
84712
84728
84711
84742
84716
84741
84866
85534
85582
85598
85608
85588
85603
85622
85622
85622
85636
85592
85589
85604
85601
85619
85618
85621
85602
85594
85609
85610
85678
88359
88259
88254
88278
88277
88267
88267
88267
