83913
83850
83868
83857
83861
83868
83864
83856
83863
83853
83858
83955
85993
85997
85987
85971
85962
85968
85978
85968
85967
85962
85974
85967
85968
85964
85970
85974
85961
85974
85982
85973
85982
85972
85990
85963
85975
85967
85983
85983
85986
85984
85963
85970
85973
85957
85969
85963
85971
85985
85972
85973
85970
85969
85979
85977
85976
85968
85965
85964
85969
85967
85964
85975
85969
85968
85966
85975
85962
85974
85974
85973
85973
85959
85967
85968
85969
85982
85976
85966
85967
85972
85985
85959
85969
85965
85984
85959
85969
85978
85962
85966
85964
85979
85982
85953
85960
85967
85961
85961
85961
