3306557371 1
3360553703 1
3412959366 1
3464585003 1
3518587264 1
3571785186 1
3625759162 1
3679344083 1
3732543395 1
3785390266 1
3839764333 1
3892563465 1
3946176706 1
3999767575 1
4053755945 1
4107383848 1
4161389865 1
4214958545 1
4270170968 1
29198946 1
82789061 1
133995204 1
186792933 1
239605027 1
292403878 1
344025446 1
397586829 1
449610638 1
503986252 1
557600153 1
610796394 1
663584800 1
718414299 1
771197082 1
825985804 1
881199604 1
935591158 1
989199125 1
1041573982 1
1095193846 1
1148004070 1
1201981402 1
1255595012 1
1307977648 1
1359589800 1
1414001652 1
1468378958 1
1520390730 1
1572790452 1
1625588993 1
1682025166 1
1734392021 1
1787647859 1
1841167176 1
1894780217 1
1949189348 1
2002375252 1
2056376430 1
2109981198 1
2162775162 1
2215584361 1
2266773467 1
2319571567 1
2371977808 1
2424428513 1
2478788358 1
2531606535 1
2583585460 1
2636376153 1
2689206355 1
2743161636 1
2795972610 1
2851580749 1
2903568026 1
2955630190 1
3009575751 1
3060781860 1
3114360486 1
3166378227 1
3219575778 1
3272773946 1
3323955989 1
3376770122 1
3428349776 1
3480375972 1
3533170977 1
3585573112 1
3639576509 1
3690790482 1
3742383765 1
3794362787 1
3847966219 1
3899983682 1
3953552419 1
4008397480 1
4060348513 1
4111988070 1
4166381817 1
4218762012 1
4271180995 1
32334483 10
87368838 10
141775796 10
197413144 10
252992981 10
306973547 10
362169173 10
417779646 10
474984118 10
529792779 10
584473983 10
640558262 10
696942683 10
752157374 10
810167258 10
866522049 10
922524750 10
976968673 10
1031355508 10
1086913651 10
1143354828 10
1199315037 10
1254160336 10
1311758053 10
1365757226 10
1421345434 10
1475336758 10
1529781308 10
1584574697 10
1639347722 10
1695369707 10
1751703756 10
1806526217 10
1859758166 10
1914956189 10
1970125542 10
2026123073 10
2082540699 10
2138171293 10
2193760351 10
2249006493 10
2304205430 10
2358190870 10
2411346941 10
2467427129 10
2521737417 10
2577411885 10
2632580630 10
2688150671 10
2742982317 10
2798551521 10
2852524800 10
2909352582 10
2964536303 10
3020211073 10
3073765680 10
3128975173 10
3182127305 10
3236910100 10
3289745704 10
3342547932 10
3397734363 10
3452109550 10
3508495673 10
3561738359 10
3614509412 10
3668105484 10
3724142451 10
3777324524 10
3830560032 10
3885318485 10
3939763297 10
3995722802 10
4051329679 10
4107347965 10
4162539856 10
4218938628 10
4272919604 10
33238970 10
88372504 10
144761296 10
199170172 10
254378186 10
309139794 10
366031146 10
421139443 10
474401394 10
529937688 10
585156290 10
637949486 10
691148488 10
746351096 10
799956632 10
856374310 10
910364257 10
964340066 10
1015969396 10
1071201696 10
1126769440 10
1181575606 10
1241974498 20
1299788086 20
1356487141 20
1413345970 20
1470558055 20
1527708247 20
1582586927 20
1636932075 20
1696229207 20
1753351624 20
1810539247 20
1867341835 20
1923349080 20
1981744982 20
2036959080 20
2095361085 20
2152522965 20
2208523133 20
2266898915 20
2323340272 20
2381688739 20
2437698503 20
2496106210 20
2552130432 20
2608532500 20
2668107900 20
2723367119 20
2781721247 20
2838520414 20
2894528451 20
2951714569 20
3007325709 20
3064949189 20
3122142431 20
3178116380 20
3236924634 20
3291715771 20
3348131220 20
3405738524 20
3463721246 20
3523696861 20
3580155075 20
3637733003 20
3695316318 20
3753310088 20
3813710631 20
3870912274 20
3927741877 20
3986074953 20
4042116026 20
4100069158 20
4156476006 20
4214071677 20
4271276559 20
31542034 20
91526311 20
149475564 20
207535412 20
264726978 20
324707424 20
382329023 20
441547733 20
497115248 20
553935949 20
608713524 20
665557399 20
720732269 20
778292730 20
837135640 20
892325314 20
949921821 20
1007128915 20
1065165384 20
1121101424 20
1179088482 20
1237139707 20
1296723056 20
1353519344 20
1411075067 20
1469517891 20
1528722856 20
1586719438 20
1648310190 20
1705493464 20
1761944215 20
1821527451 20
1878362859 20
1934291318 20
1991942670 20
2049518446 20
2107912570 20
2164298455 20
2220712624 20
2277531919 20
2335121533 20
2391136085 20
2448319569 20
2504655733 20
2561532906 20
2617935718 20
2675526328 30
2737202216 30
2797963146 30
2856857187 30
2915627403 30
2976434307 30
3034889786 30
3095637357 30
3153607887 30
3213696872 30
3274051642 30
3333695342 30
3391605788 30
3449584964 30
3508376268 30
3566363863 30
3623643805 30
3681651052 30
3742026954 30
3802830414 30
3863152678 30
3922417321 30
3982447409 30
4042441536 30
4099989705 30
4157200342 30
4214843038 30
4272878930 30
36682282 30
96187066 30
155066692 30
213902648 30
273808954 30
334233394 30
393463530 30
453017741 30
511819529 30
569039849 30
627816021 30
684610359 30
745379119 30
804217740 30
863788806 30
922209789 30
979073249 30
1037772788 30
1095866072 30
1155568698 30
1213917387 30
1273833519 30
1333063977 30
1392688421 30
1452567959 30
1511031064 30
1569866632 30
1628979292 30
1689122554 30
1748965415 30
1806643142 30
1867026306 30
1925800192 30
1984977117 30
2043831344 30
2104202190 30
2164212799 30
2224973271 30
2283006123 30
2341420660 30
2399815546 30
2459409720 30
2517815871 30
2577827103 30
2640269223 30
2699852701 30
2757834804 30
2818605874 30
2876196397 30
2933799543 30
2991748524 30
3049861708 30
3108614234 30
3170999612 30
3232184572 30
3290267545 30
3350993678 30
3408997682 30
3466651117 30
3526616877 30
3587401359 30
3646231407 30
3704634276 30
3764991262 30
3825394059 30
3885449498 30
3945446078 30
4005080044 30
4065441045 30
4126633063 30
4184602904 30
4243062803 30
12566219 40
74183746 40
135737586 40
199779364 40
262999223 40
324204409 40
387735269 40
450481954 40
512120738 40
573759925 40
637350779 40
700199594 40
761310745 40
824151290 40
890386082 40
951270968 40
1016071868 40
1079004054 40
1140532610 40
1201446208 40
1266093889 40
1327937352 40
1391325309 40
1452577761 40
1514936102 40
1577882771 40
1640207596 40
1699783514 40
1761347327 40
1822712120 40
1886103522 40
1948567360 40
2009381736 40
2070200608 40
2132939309 40
2192957150 40
2256130183 40
2319719077 40
2381404060 40
2441432977 40
2505338634 40
2564942790 40
2627068524 40
2690543187 40
2751317914 40
2816337504 40
2880955040 40
2941321549 40
3003784762 40
3065701628 40
3128536116 40
3190105574 40
3254947720 40
3318146072 40
3380554168 40
3442474153 40
3504151179 40
3569764271 40
3633755866 40
3694163590 40
3755736090 40
3817829228 40
3883064238 40
3942878342 40
4006227229 40
4069700462 40
4132720436 40
4191743975 40
4257295301 40
24390676 40
87146772 40
150068552 40
212023135 40
275945978 40
340021614 40
401602210 40
466145346 40
527994248 40
592065693 40
657189628 40
717186325 40
778053994 40
842355118 40
906364278 40
966762986 40
1029532450 40
1091205222 40
1153989827 40
1214751980 40
1275601628 40
1338778324 40
1403570965 40
1465230181 40
1528493036 40
1590312911 40
1653273657 40
1713600948 40
1777123064 40
1838789097 40
1900449181 40
1964499114 50
2031583427 50
2096405057 50
2162385709 50
2230449485 50
2296443634 50
2360452082 50
2424459326 50
2489196352 50
2551993765 50
2616355836 50
2683006224 50
2749430460 50
2815201352 50
2880069831 50
2944775798 50
3008513616 50
3074377154 50
3139534572 50
3205359699 50
3269303308 50
3334392145 50
3398138302 50
3462354516 50
3529258111 50
3595380896 50
3661263840 50
3725860874 50
3790383043 50
3854602520 50
3920772062 50
3984920094 50
4049485116 50
4113225106 50
4178029353 50
4242027795 50
10289615 50
74666465 50
137817310 50
199445807 50
265567120 50
330914731 50
396226524 50
458949085 50
524327052 50
588245299 50
651789861 50
715170850 50
779859361 50
844689042 50
910231659 50
975461340 50
1040335095 50
1102679977 50
1165314967 50
1228297735 50
1291621737 50
1353679241 50
1418342728 50
1482334330 50
1549486761 50
1611512787 50
1674968909 50
1739773342 50
1804846724 50
1872103384 50
1937534561 50
2002166281 50
2066404247 50
2130717242 50
2195433108 50
2260464608 50
2324722651 50
2389303428 50
2455066640 50
2519940402 50
2583993909 50
2650724138 50
2714995369 50
2776585905 50
2842173792 50
2907005384 50
2970621518 50
3036588430 50
3102059567 50
3166215134 50
3232721006 50
3296116796 50
3361001690 50
3426327232 50
3489802009 50
3556697560 50
3621003744 50
3683430339 50
3749816822 50
3814221728 50
3879166098 50
3944687636 50
4010025628 50
4073279268 50
4140440710 60
4207261480 60
4273115692 60
43945850 60
111319578 60
178131170 60
242531458 60
308134566 60
376595405 60
446500731 60
512162363 60
579342481 60
647693545 60
714514108 60
783773955 60
850092840 60
914555710 60
981254006 60
1047963681 60
1113032766 60
1179693464 60
1247727250 60
1311333156 60
1378132825 60
1444959538 60
1510908954 60
1578178842 60
1644467649 60
1709788704 60
1773653229 60
1840460452 60
1905697419 60
1971371004 60
2035837464 60
2098917150 60
2163830638 60
2228474934 60
2294626049 60
2361718185 60
2428160186 60
2495411226 60
2561317118 60
2628168718 60
2692983998 60
2759745493 60
2827490725 60
2895955483 60
2962502534 60
3029347619 60
3095631648 60
3162875843 60
3228881348 60
3296075681 60
3361274481 60
3427314536 60
3494289615 60
3563118012 60
3628742540 60
3694408973 60
3760115365 60
3828382819 60
3893208504 60
3960894668 60
4027652196 60
4094410840 60
4162122008 60
4228532639 60
791614 60
65714441 60
131479697 60
199424650 60
265996430 60
335112367 60
400758568 60
470497529 60
535149762 60
602591701 60
671481088 60
736283622 60
801979338 60
869296998 60
934687528 60
1000748695 60
1067491557 60
1133122739 60
1199485228 60
1268466461 60
1336596374 60
1404693380 60
1473609720 60
1540683242 60
1607900796 60
1676424533 60
1741396752 60
1808369193 60
1877118068 60
1946344711 60
2013705399 60
2080881580 60
2146766764 60
2216304970 70
2284922832 70
2354791483 70
2424044700 70
2492808746 70
2559948155 70
2629992391 70
2698813527 70
2766892687 70
2834519042 70
2905598633 70
2974477164 70
3042831094 70
3114776970 70
3181589399 70
3248470726 70
3317984205 70
3390380379 70
3458351220 70
3528440601 70
3597167147 70
3666988731 70
3736340405 70
3806599285 70
3874817631 70
3945547757 70
4013208505 70
4082176706 70
4151221133 70
4222633061 70
4290798989 70
63381565 70
129367789 70
198207415 70
270440402 70
338599791 70
408626705 70
479466720 70
549369282 70
617906345 70
688271119 70
757095833 70
825035613 70
892960970 70
961392812 70
1030163650 70
1098687290 70
1168677596 70
1237505412 70
1306894496 70
1373376473 70
1440959318 70
1508946748 70
1576963752 70
1646464038 70
1713903123 70
1782644320 70
1852513696 70
1921494455 70
1992189623 70
2059853532 70
2128638265 70
2199040350 70
2268396447 70
2337100368 70
2403317334 70
2471848409 70
2541835762 70
2608562360 70
2676118968 70
2744613168 70
2815435076 70
2883454668 70
2953025589 70
3021859340 70
3090604888 70
3159439594 70
3229876410 70
3298604878 70
3368715615 70
3438545327 70
3506594658 70
3575355213 70
3644224134 70
3713858166 70
3780297093 70
3850538438 70
3918710614 70
3988193640 70
4057614315 70
4126631302 70
4193045390 70
4262629769 70
35964176 70
105992297 70
175898656 70
244898002 70
314825192 70
384001409 70
452444594 70
524408088 80
595345375 80
668448739 80
738890855 80
808483017 80
882151518 80
954061405 80
1024488294 80
1096895332 80
1168141423 80
1238870065 80
1310656948 80
1381717935 80
1451747565 80
1522207476 80
1593358670 80
1663551647 80
1732564280 80
1803197752 80
1873250923 80
1943662967 80
2015284783 80
2087340630 80
2158896507 80
2227444193 80
2300417321 80
2372044852 80
2443695815 80
2512102585 80
2585035270 80
2656254703 80
2725569679 80
2796925726 80
2868962011 80
2940284034 80
3011637297 80
3080887300 80
3153607260 80
3223931516 80
3296310927 80
3366153463 80
3436885626 80
3507189519 80
3578285288 80
3649774416 80
3722599889 80
3793013525 80
3864424010 80
3934854861 80
4005811829 80
4078830488 80
4151267686 80
4224442161 80
2691852 80
74766614 80
146962914 80
219897331 80
291536460 80
362375060 80
433457405 80
505762394 80
577103805 80
649472163 80
719534876 80
792048389 80
863145831 80
935597310 80
1004766310 80
1075841718 80
1146122749 80
1218290756 80
1289869817 80
1360699813 80
1432303755 80
1503549541 80
1575306080 80
1645055704 80
1717091654 80
1787256009 80
1856320700 80
1927637032 80
1999486032 80
2073561083 80
2143531192 80
2214276488 80
2285553570 80
2356629872 80
2427486895 80
2498700246 80
2571456659 80
2644382030 80
2715427870 80
2785558599 80
2857384467 80
2929304769 80
3000308758 80
3071786431 80
3143316625 80
3215128338 80
3286810074 80
3362810789 90
3437070604 90
3511553016 90
3585326841 90
3656081392 90
3727478374 90
3802121413 90
3874923811 90
3945120038 90
4019622469 90
4092048426 90
4166351836 90
4238994040 90
20081083 90
93925654 90
168130626 90
241047933 90
312667970 90
387052289 90
458679538 90
529662719 90
600942076 90
674685390 90
748632346 90
822321471 90
896335156 90
969788265 90
1044755124 90
1117852699 90
1190545132 90
1264723274 90
1341520147 90
1415529194 90
1489159069 90
1564398667 90
1639346643 90
1712209304 90
1787266418 90
1861459661 90
1933495440 90
2006658231 90
2080986771 90
2154019644 90
2227517840 90
2300883158 90
2373419737 90
2446199094 90
2519180272 90
2590494390 90
2660753407 90
2734370482 90
2807438091 90
2882293496 90
2956671026 90
3031201528 90
3103474611 90
3176006697 90
3249162766 90
3322283649 90
3395391995 90
3469464284 90
3542346769 90
3614758215 90
3687603644 90
3762613504 90
3834004950 90
3907480936 90
3979929605 90
4055154004 90
4128771357 90
4201000219 90
4274366490 90
52596938 90
127843657 90
202052564 90
274018549 90
347919377 90
422756114 90
494210211 90
568733364 90
641944066 90
715759410 90
791723512 90
863729811 90
937201970 90
1010605434 90
1084745264 90
1154915776 90
1227684920 90
1300707321 90
1373987722 90
1447288451 90
1521246569 90
1595651628 90
1666393734 90
1738790546 90
1816073179 90
1887837090 90
1961207391 90
2034850332 90
