3302849548 1
3356846025 1
3409257894 1
3460865232 1
3514863614 1
3568063374 1
3622043161 1
3675639710 1
3728842478 1
3781661562 1
3836051853 1
3888846121 1
3942446920 1
3996039032 1
4050039535 1
4103654622 1
4157663687 1
4211244960 1
4266441278 1
25474938 1
79069001 1
130271499 1
183068891 1
235870614 1
288668785 1
340288994 1
393868104 1
445889668 1
500277029 1
553875404 1
607067034 1
659861956 1
714682950 1
767463814 1
822262556 1
877462022 1
931867068 1
985476956 1
1037861762 1
1091463069 1
1144273686 1
1198263935 1
1251858764 1
1304257341 1
1355858636 1
1410276706 1
1464662652 1
1516655772 1
1569056557 1
1621854802 1
1678292682 1
1730657344 1
1783862328 1
1837452897 1
1891057284 1
1945458312 1
1998649583 1
2052652519 1
2106253474 1
2159049666 1
2211851896 1
2263050136 1
2315845848 1
2368249695 1
2420695108 1
2475063129 1
2527874688 1
2579854990 1
2632644542 1
2685471856 1
2739442976 1
2792254559 1
2847843478 1
2899846711 1
2951889356 1
3005855793 1
3057050598 1
3110638682 1
3162645286 1
3215844432 1
3269049633 1
3320238881 1
3373044711 1
3424634704 1
3476649512 1
3529435913 1
3581851336 1
3635842627 1
3687046504 1
3738654820 1
3790640337 1
3844233598 1
3896264388 1
3949832184 1
4004665000 1
4056629447 1
4108256334 1
4162651834 1
4215032831 1
4267434927 1
26497498 10
81660291 10
136060817 10
191712683 10
247322001 10
301258234 10
356455920 10
412055000 10
469259792 10
524067303 10
578859004 10
634861716 10
691249351 10
746454106 10
804451528 10
860848401 10
916861038 10
971257796 10
1025651486 10
1081247044 10
1137647418 10
1193659716 10
1248457312 10
1306080114 10
1360046804 10
1415645547 10
1469646937 10
1524056914 10
1578844114 10
1633648672 10
1689666086 10
1746042344 10
1800849262 10
1854045562 10
1909248063 10
1964444876 10
2020438198 10
2076838588 10
2132494334 10
2188068214 10
2243286711 10
2298495992 10
2352461155 10
2405634554 10
2461697517 10
2516037180 10
2571700713 10
2626846005 10
2682435361 10
2737242856 10
2792835265 10
2846838704 10
2903647439 10
2958830558 10
3014488482 10
3068033524 10
3123245190 10
3176440604 10
3231227676 10
3284026119 10
3336847400 10
3392024541 10
3446439506 10
3502823866 10
3556025496 10
3608821938 10
3662424434 10
3718435808 10
3771622062 10
3824845893 10
3879627488 10
3934063702 10
3990020294 10
4045624042 10
4101622226 10
4156823823 10
4213220444 10
4267217729 10
27523648 10
82652404 10
139052728 10
193461506 10
248653652 10
303452074 10
360333496 10
415443982 10
468700085 10
524248343 10
579450944 10
632247656 10
685453173 10
740641558 10
794239796 10
850644261 10
904675464 10
958655583 10
1010271417 10
1065477898 10
1121038726 10
1175848692 10
1233895101 20
1291863731 20
1348635369 20
1405441914 20
1462692109 20
1519832054 20
1574643750 20
1629039855 20
1688236934 20
1745433273 20
1802632870 20
1859437991 20
1915436182 20
1973834010 20
2029048006 20
2087436132 20
2144630416 20
2200627220 20
2259022868 20
2315427692 20
2373831113 20
2429825771 20
2488222179 20
2544225966 20
2600624732 20
2660219947 20
2715430178 20
2773826620 20
2830620924 20
2886630025 20
2943829034 20
2999429832 20
3057023798 20
3114244839 20
3170262169 20
3229020574 20
3283819810 20
3340222690 20
3397819311 20
3455812706 20
3515812827 20
3572239398 20
3629826897 20
3687414431 20
3745413750 20
3805816319 20
3863019368 20
3919840866 20
3978219384 20
4034229352 20
4092208616 20
4148610064 20
4206210225 20
4263412144 20
23692866 20
83644400 20
141636486 20
199634520 20
256844373 20
316837734 20
374437674 20
433644310 20
489232852 20
546036682 20
600845421 20
657633573 20
712837438 20
770430755 20
829235940 20
884431684 20
942034359 20
999241619 20
1057257139 20
1113231033 20
1171233944 20
1229230178 20
1288829942 20
1345627878 20
1403224772 20
1461637764 20
1520836575 20
1578844114 20
1640423582 20
1697634927 20
1754085555 20
1813621143 20
1870440669 20
1926431097 20
1984023550 20
2041619726 20
2100019346 20
2156420750 20
2212820183 20
2269625976 20
2327245929 20
2383229685 20
2440423337 20
2496820973 20
2553618776 20
2610018456 20
2665212332 30
2727213863 30
2788018080 30
2846848807 30
2905618985 30
2966409416 30
3024809226 30
3085608703 30
3143607696 30
3203627784 30
3264005760 30
3323696614 30
3381607960 30
3439603421 30
3498403220 30
3556402840 30
3613625715 30
3671602067 30
3732003924 30
3792809558 30
3853199526 30
3912425340 30
3972472618 30
4032398912 30
4089997730 30
4147199169 30
4204796778 30
4262823774 30
26656535 30
86229068 30
145031008 30
203860232 30
263826124 30
324228383 30
383432041 30
443025897 30
501825316 30
559025483 30
617824891 30
674639492 30
735420666 30
794221457 30
853837768 30
912220082 30
969018688 30
1027818968 30
1085820540 30
1145501726 30
1203893044 30
1263815774 30
1323025058 30
1382628986 30
1442615196 30
1501015248 30
1559846752 30
1619012902 30
1679012928 30
1739022698 30
1796645653 30
1857023098 30
1915818386 30
1975007594 30
2033806814 30
2094209978 30
2154207582 30
2215006868 30
2273028034 30
2331425244 30
2389846473 30
2449403806 30
2507815880 30
2567834456 30
2630254918 30
2689848601 30
2747807063 30
2808604537 30
2866199375 30
2923812559 30
2981801982 30
3039805416 30
3098596864 30
3160996840 30
3222206664 30
3280200539 30
3340994173 30
3399001930 30
3456592382 30
3516600561 30
3577393177 30
3636195038 30
3694589134 30
3755011187 30
3815393321 30
3875401170 30
3935389652 30
3995012845 30
4055388183 30
4116600801 30
4174589833 30
4233017991 30
22095 40
62043873 40
123632889 40
187617106 40
250859469 40
312061042 40
375615257 40
438442198 40
500016212 40
561616981 40
625228874 40
688040346 40
749213634 40
812011294 40
878092264 40
939210828 40
1004009487 40
1066807953 40
1128422364 40
1189210017 40
1254006302 40
1315607439 40
1379224658 40
1440405289 40
1502824985 40
1565602069 40
1628012981 40
1687606484 40
1749201988 40
1810405306 40
1874014370 40
1936423822 40
1997199305 40
2058008709 40
2120793442 40
2180805032 40
2244005053 40
2307621898 40
2369199535 40
2429231472 40
2493196640 40
2552794637 40
2614806021 40
2678405284 40
2739200856 40
2804029834 40
2868810005 40
2929195138 40
2991593445 40
3053587587 40
3116389836 40
3177987364 40
3242815614 40
3305987817 40
3368384633 40
3430387789 40
3491987387 40
3557581809 40
3621582818 40
3681983975 40
3743605670 40
3805576874 40
3870783374 40
3930787843 40
3993990049 40
4057586836 40
4120384668 40
4179577618 40
4245176900 40
12208941 40
75012106 40
137862954 40
199850698 40
263804527 40
327807934 40
389424941 40
453805639 40
515807288 40
579807936 40
645013674 40
705020527 40
765815512 40
830199773 40
894201144 40
954601438 40
1017397370 40
1079005860 40
1141796501 40
1202608178 40
1263401289 40
1326594875 40
1391392925 40
1453008981 40
1516198347 40
1578192167 40
1640995588 40
1701391667 40
1764992206 40
1826602707 40
1888187416 40
1949797522 50
2016989412 50
2082193934 50
2148187835 50
2216181576 50
2282184462 50
2346186434 50
2410183516 50
2474983656 50
2537783370 50
2601783595 50
2668580685 50
2734985125 50
2800982336 50
2865784059 50
2930577785 50
2994264898 50
3060179300 50
3125380676 50
3191006171 50
3255004684 50
3320181928 50
3383796988 50
3448177732 50
3515006230 50
3580995067 50
3646972822 50
3711369042 50
3776175503 50
3840204751 50
3906568571 50
3970572787 50
4035007453 50
4098969079 50
4163767464 50
4227766627 50
4290966052 50
60410684 50
123596568 50
185202337 50
251214212 50
316394684 50
381993508 50
444401710 50
510045308 50
574006595 50
637590613 50
700794039 50
765591009 50
830427556 50
895995503 50
961187795 50
1026019550 50
1088389780 50
1150788497 50
1213987932 50
1277189971 50
1339223002 50
1403985204 50
1467983995 50
1535225500 50
1597184376 50
1660781257 50
1725590321 50
1790387283 50
1857614320 50
1923177583 50
1987628023 50
2051983062 50
2116400757 50
2181192001 50
2246013827 50
2310376348 50
2374786676 50
2440792621 50
2505584456 50
2569612985 50
2636373784 50
2700801552 50
2762396344 50
2827970505 50
2892769822 50
2956380258 50
3022364625 50
3087572794 50
3151976542 50
3218365870 50
3281970472 50
3346772391 50
3411970051 50
3475571584 50
3542369976 50
3606792092 50
3669161525 50
3735572816 50
3799965054 50
3864762855 50
3930370705 50
3995571333 50
4059158394 50
4123558305 60
4190755697 60
4256760532 60
27397923 60
95012995 60
161794583 60
226183318 60
291786009 60
360186704 60
430181920 60
495789741 60
562980021 60
631379299 60
698184686 60
767386562 60
833803833 60
898184264 60
964597508 60
1031423500 60
1096598468 60
1163028397 60
1231375772 60
1294979876 60
1361774944 60
1428577461 60
1494580164 60
1561772606 60
1628175747 60
1693371988 60
1757372049 60
1824169330 60
1889371626 60
1955003652 60
2019366541 60
2082597344 60
2147397059 60
2212165758 60
2278205307 60
2345403338 60
2411762293 60
2478966399 60
2544967504 60
2611776296 60
2676582622 60
2743364473 60
2810965503 60
2879363211 60
2946159901 60
3012980588 60
3078968268 60
3146160382 60
3212565909 60
3279756874 60
3344954796 60
3410958404 60
3477756747 60
3546565982 60
3612162750 60
3678151894 60
3743769328 60
3811790932 60
3876948077 60
3944547914 60
4011353436 60
4078144670 60
4145776980 60
4212185500 60
4279381375 60
49177178 60
114780811 60
182789780 60
249597687 60
318779726 60
384381013 60
453973685 60
518784323 60
585972462 60
655180142 60
719571508 60
785570444 60
852783237 60
918370856 60
984370230 60
1051195691 60
1116766669 60
1182793859 60
1251991410 60
1320365684 60
1388380810 60
1457209424 60
1523962520 60
1591561640 60
1660030795 60
1724761237 60
1791563403 60
1860786409 60
1929967198 60
1997168896 60
2064375818 60
2130354965 60
2197153772 70
2266372754 70
2336357340 70
2405580759 70
2474350813 70
2541552152 70
2611572698 70
2680360140 70
2748352622 70
2815983683 70
2887178621 70
2955949673 70
3024348440 70
3095953830 70
3163148562 70
3229942860 70
3299547052 70
3371942578 70
3439945441 70
3509944531 70
3578758850 70
3648346984 70
3717544865 70
3787943902 70
3856337333 70
3927157183 70
3994735635 70
4063539344 70
4132748380 70
4203939873 70
4272356913 70
44974486 70
110567354 70
179783680 70
251795812 70
320165777 70
390187674 70
460976298 70
530963437 70
599367086 70
669759067 70
738562801 70
806557416 70
874561528 70
942560044 70
1011356430 70
1080160588 70
1150181451 70
1218961098 70
1288156449 70
1354957006 70
1422150446 70
1490175882 70
1558551065 70
1627752065 70
1695349361 70
1764152989 70
1833747637 70
1902950131 70
1973747550 70
2041363384 70
2110153585 70
2180548071 70
2249748902 70
2318554151 70
2384957095 70
2453351575 70
2523346336 70
2590143854 70
2657744192 70
2726144718 70
2796955259 70
2864943999 70
2934538230 70
3003337952 70
3072137576 70
3140940095 70
3211353289 70
3280165658 70
3350133324 70
3419731916 70
3488132840 70
3556535017 70
3625433378 70
3695354690 70
3761746892 70
3832126959 70
3900154718 70
3969744278 70
4038961722 70
4108126936 70
4174528332 70
4244126406 70
17182352 70
87555463 70
157156438 70
225968452 70
295957320 70
365553471 70
433955832 70
502750907 80
574751625 80
647948483 80
718387957 80
787949725 80
861564248 80
933548145 80
1003959764 80
1075947030 80
1147570830 80
1217945542 80
1289960539 80
1361144360 80
1431145422 80
1501543739 80
1572799073 80
1642741609 80
1711947016 80
1782337438 80
1852736607 80
1923147586 80
1994749270 80
2066738454 80
2137947418 80
2206768769 80
2279932974 80
2351539797 80
2423148023 80
2491533197 80
2564335528 80
2635528769 80
2704742156 80
2776328897 80
2848343184 80
2919531545 80
2991126784 80
3060326461 80
3132736721 80
3203142703 80
3275524824 80
3345526958 80
3416330468 80
3486320232 80
3557529414 80
3629191928 80
3701959414 80
3772336621 80
3843523571 80
3914320885 80
3985116903 80
4057931068 80
4130716599 80
4203914510 80
4276716704 80
54145432 80
126146594 80
199365828 80
270945581 80
341362464 80
412945618 80
484944832 80
556584866 80
628951280 80
698954412 80
771359951 80
842544764 80
914940681 80
984153329 80
1055347517 80
1125346251 80
1197735407 80
1268934883 80
1340145222 80
1411736708 80
1482538228 80
1554531608 80
1624539471 80
1696173702 80
1766540522 80
1835742109 80
1906532072 80
1978926526 80
2052975264 80
2122961672 80
2193727148 80
2264936249 80
2336139271 80
2406934793 80
2478129637 80
2550924771 80
2623724963 80
2694920992 80
2764983106 80
2836542308 80
2908518445 80
2979740967 80
3050917400 80
3122522722 80
3194519279 80
3266115215 80
3339316869 90
3414140892 90
3488911184 90
3562135710 90
3633311494 90
3704552564 90
3779307393 90
3852144106 90
3922110635 90
3996907427 90
4069333498 90
4143704339 90
4216106985 90
4292106233 90
71134504 90
145135257 90
218337172 90
289986032 90
363953469 90
435932516 90
506736424 90
578334388 90
651930966 90
725929641 90
799540108 90
873534239 90
947135580 90
1021927198 90
1095141792 90
1167963111 90
1241929765 90
1318723746 90
1392324201 90
1466340987 90
1541523345 90
1616323775 90
1689521821 90
1764321854 90
1838717155 90
1910720582 90
1983923409 90
2058315923 90
2131164900 90
2204723828 90
2277928079 90
2350327771 90
2423518901 90
2496316612 90
2567530802 90
2637907991 90
2711508965 90
2784712367 90
2859508154 90
2933911376 90
3008305428 90
3080704946 90
3153106614 90
3225906629 90
3299513179 90
3372707557 90
3446702695 90
3519502940 90
3591925426 90
3664714631 90
3739901233 90
3811123645 90
3884712089 90
3957107621 90
4032294897 90
4105499453 90
4177895040 90
4251495316 90
29794928 90
104925324 90
179336291 90
250921649 90
325325550 90
399775280 90
471327075 90
545721148 90
618918988 90
692925222 90
768918728 90
840973406 90
914515758 90
987719855 90
1061748482 90
1132126885 90
1204913376 90
1277733171 90
1350913422 90
1424520716 90
1498516781 90
1572921369 90
1643707526 90
1716119728 90
1792923346 90
1864939882 90
1938142608 90
2011708488 90
