438883304 1
491529036 1
544712235 1
595912299 1
651109062 1
703113387 1
758313493 1
811501274 1
864313408 1
917611719 1
971108541 1
1024710096 1
1078307341 1
1131493730 1
1184711250 1
1238694789 1
1291106001 1
1343907559 1
1396716930 1
1450193471 1
1503503156 1
1555911182 1
1607495892 1
1660689911 1
1713108684 1
1765897003 1
1820700531 1
1872300595 1
1926302439 1
1980792594 1
2033087777 1
2086291958 1
2138295578 1
2191099742 1
2244288989 1
2297109247 1
2351897221 1
2404284645 1
2458697069 1
2511273394 1
2564277408 1
2619492084 1
2672293169 1
2723100599 1
2775082303 1
2828707674 1
2882284657 1
2934700433 1
2985888664 1
3037495325 1
3088690721 1
3143092868 1
3195081069 1
3248689302 1
3300288768 1
3353902567 1
3405882993 1
3459486789 1
3512294891 1
3564404600 1
3616289257 1
3669067943 1
3723080039 1
3777085066 1
3829883177 1
3883881041 1
3937882555 1
3989063799 1
4041871151 1
4094769174 1
4148668633 1
4200274188 1
4253073639 1
11700163 1
64907207 1
118117974 1
170513367 1
222915714 1
275311481 1
329841304 1
382517346 1
434515468 1
487307420 1
539308360 1
592491822 1
644516905 1
697314865 1
750886285 1
803707127 1
860559857 1
912104279 1
965307120 1
1016908547 1
1070505112 1
1124511446 1
1178513191 1
1230499883 1
1284101125 1
1337301751 1
1391839235 1
1489566796 10
1544620044 10
1599452785 10
1652210303 10
1706200367 10
1761444684 10
1814600352 10
1871429700 10
1926218656 10
1982248885 10
2035839519 10
2088199571 10
2143029641 10
2197068619 10
2249400686 10
2305424075 10
2361421096 10
2418208063 10
2475049934 10
2530247155 10
2586994700 10
2643044005 10
2696237373 10
2752226426 10
2805791721 10
2861419807 10
2916637127 10
2972636912 10
3027391997 10
3083146734 10
3139835982 10
3194637694 10
3250235600 10
3305429397 10
3362580488 10
3418234338 10
3473427082 10
3527787701 10
3583514601 10
3638628400 10
3693827810 10
3748181707 10
3804630429 10
3860660849 10
3913783247 10
3969027408 10
4025027401 10
4079022283 10
4134615553 10
4190229216 10
4243812737 10
5603470 10
59614927 10
112859999 10
168451651 10
226456817 10
283252947 10
340815245 10
396001984 10
451627581 10
505244632 10
562051153 10
616450043 10
672404726 10
725636077 10
778834220 10
832849631 10
887249816 10
944003529 10
1000901755 10
1055224759 10
1108047663 10
1162856226 10
1217644491 10
1272002012 10
1327241627 10
1382027027 10
1435194241 10
1489675997 10
1546042969 10
1601642827 10
1656424992 10
1710792048 10
1765234300 10
1820023842 10
1875602467 10
1930862581 10
1986437015 10
2040839207 10
2096789997 10
2153649349 10
2206830693 10
2263987996 10
2320036033 10
2376017845 10
2431250987 10
2484828668 10
2540029466 10
2596470016 10
2651232421 10
2797595826 20
2857354736 20
2913738075 20
2970938982 20
3026135501 20
3084133457 20
3140141148 20
3197330396 20
3254128359 20
3309325987 20
3364525327 20
3419727182 20
3476124601 20
3532126818 20
3590521770 20
3651079711 20
3707729288 20
3762920281 20
3820123974 20
3876125415 20
3930919418 20
3988117696 20
4043720459 20
4100128899 20
4155332959 20
4211321459 20
4269320036 20
30350218 20
86359374 20
141552918 20
197944733 20
256355111 20
315949719 20
373150765 20
430357012 20
486352339 20
542753389 20
599946163 20
654745517 20
710747739 20
766341091 20
825945693 20
882742424 20
938746402 20
996799466 20
1053941180 20
1112743354 20
1166742787 20
1224333989 20
1282336971 20
1338340743 20
1395140500 20
1451540327 20
1509147855 20
1567139128 20
1623532809 20
1681136567 20
1738740281 20
1793932896 20
1851927972 20
1905135050 20
1964333174 20
2022330275 20
2079136579 20
2138731362 20
2197132131 20
2255929798 20
2312326915 20
2369529629 20
2424334274 20
2483126376 20
2541535900 20
2597523701 20
2653535315 20
2710325253 20
2766726372 20
2823125963 20
2881121028 20
2937520461 20
2992325075 20
3048323119 20
3104722329 20
3161916237 20
3220332858 20
3276318726 20
3332724125 20
3390321386 20
3447519398 20
3504326664 20
3561116837 20
3620317239 20
3678317302 20
3734717501 20
3793515281 20
3851515412 20
3907513945 20
3963912861 20
4022319285 20
4077911402 20
4135115713 20
33061621 30
94303103 30
153073008 30
210267945 30
268669412 30
326666293 30
385487214 30
445065301 30
506265275 30
564663017 30
625464042 30
684671243 30
745062649 30
803464270 30
861858728 30
919062653 30
979865392 30
1038260857 30
1095058081 30
1151057777 30
1209469535 30
1266672713 30
1326659799 30
1384653048 30
1445853191 30
1504655565 30
1565048336 30
1623450739 30
1681050015 30
1740256321 30
1799053716 30
1860665724 30
1917854248 30
1979047992 30
2036250411 30
2095451556 30
2153442589 30
2211846783 30
2270651088 30
2330249544 30
2390787019 30
2448640784 30
2508642654 30
2568240144 30
2628643145 30
2688244261 30
2747844812 30
2807043791 30
2867846557 30
2926250109 30
2983839455 30
3043435939 30
3103441153 30
3161039552 30
3218638479 30
3277843860 30
3335044712 30
3394240350 30
3453038661 30
3509843937 30
3566636322 30
3625836279 30
3686234909 30
3745428153 30
3803035933 30
3863439030 30
3921827395 30
3980237112 30
4039433039 30
4099428475 30
4158230517 30
4215841327 30
4273430789 30
35668090 30
95655623 30
155658690 30
214060590 30
272458621 30
329653334 30
387264851 30
446060787 30
505656318 30
564854898 30
624849957 30
685651809 30
744446865 30
805256580 30
864059049 30
923264426 30
979657128 30
1037252213 30
1095648779 30
1154450370 30
1212453903 30
1272448593 30
1331243179 30
1389247319 30
1447643971 30
1507242657 30
1565249425 30
1801757376 40
1863376582 40
1923348709 40
1985736834 40
2049743099 40
2112939562 40
2171333114 40
2233334969 40
2294933927 40
2357730756 40
2421744158 40
2484540511 40
2545741271 40
2607328693 40
2671346043 40
2733730911 40
2797335473 40
2858523194 40
2920928733 40
2982130984 40
3042926472 40
3104122975 40
3165729607 40
3226917416 40
3288127677 40
3348134877 40
3410517541 40
3472120653 40
3534921066 40
3595726489 40
3658534033 40
3720518773 40
3783315907 40
3846528293 40
3908517388 40
3970520943 40
4033725199 40
4095314431 40
4157719806 40
4218518771 40
4278116576 40
44353855 40
105547773 40
167148022 40
227552135 40
289546104 40
351942886 40
410741457 40
473139579 40
535549231 40
597542596 40
658339733 40
720048363 40
782348207 40
843554148 40
905538687 40
965142749 40
1028344782 40
1089544071 40
1149137010 40
1212334312 40
1275140913 40
1337534453 40
1397938784 40
1462337961 40
1522340737 40
1583929889 40
1646331964 40
1707129254 40
1771539965 40
1831936611 40
1895135576 40
1957927868 40
2019528198 40
2078723069 40
2138722144 40
2199536747 40
2259936093 40
2322721677 40
2384317102 40
2446730162 40
2506323802 40
2568318955 40
2631133851 40
2693130361 40
2756320341 40
2818324185 40
2879116711 40
2941518472 40
3003506349 40
3067119555 40
3127118997 40
3186325339 40
3247918583 40
3311126247 40
3375914039 40
3438720171 40
3501112262 40
3562712454 40
3623114965 40
3911515132 50
3975272295 50
4040032372 50
4107230763 50
4170832972 50
4234436169 50
2263185 50
65058380 50
128656895 50
191864073 50
255854245 50
319056204 50
383452665 50
447458085 50
511456267 50
575857307 50
639856890 50
704257577 50
769850717 50
833848280 50
898650942 50
963447073 50
1028248453 50
1094659027 50
1158251949 50
1223049523 50
1287449844 50
1349854052 50
1413048085 50
1476646140 50
1539041929 50
1601847407 50
1668252011 50
1732646193 50
1796640616 50
1863445811 50
1928638321 50
1994242995 50
2058634751 50
2123441268 50
2189033774 50
2253937050 50
2316232779 50
2379840429 50
2444236376 50
2508238282 50
2571838501 50
2638235634 50
2701834924 50
2765442955 50
2830232722 50
2895832907 50
2959043995 50
3021035061 50
3087427697 50
3150639722 50
3215433673 50
3279427317 50
3344242299 50
3411021123 50
3474223908 50
3540218388 50
3606625799 50
3668621857 50
3731825007 50
3796625383 50
3858626821 50
3922704025 50
3987021647 50
4051421352 50
4113023685 50
4178215599 50
4241418104 50
12855388 50
77259607 50
140857177 50
206848215 50
271246242 50
334847541 50
400045694 50
464449082 50
527239055 50
591244705 50
658843831 50
721652815 50
786044118 50
850838814 50
915641570 50
981636069 50
1046838229 50
1111644356 50
1174836519 50
1240036815 50
1304444731 50
1367630949 50
1432036133 50
1496835374 50
1558839849 50
1620431279 50
1683636653 50
2020563026 60
2088206346 60
2154544613 60
2220543052 60
2286950080 60
2352144473 60
2416941262 60
2484546284 60
2549737418 60
2616948687 60
2683737148 60
2749739756 60
2818135023 60
2883731266 60
2950934103 60
3018530790 60
3084930150 60
3151735701 60
3219890467 60
3286537243 60
3353331588 60
3419337013 60
3486533935 60
3554121483 60
3622529448 60
3689328042 60
3754531226 60
3823332205 60
3889721614 60
3957321392 60
4022922020 60
4088516181 60
4154918459 60
4222122800 60
4288925153 60
59758830 60
127156779 60
193146803 60
259155461 60
326351341 60
392350117 60
457145938 60
522745926 60
590356173 60
654348095 60
719945225 60
786344564 60
852744513 60
919145690 60
986343014 60
1053942510 60
1123638663 60
1189539286 60
1256339538 60
1324744809 60
1391145626 60
1456338356 60
1523539052 60
1590341145 60
1657635804 60
1725936832 60
1792733892 60
1859532864 60
1926331730 60
1994329952 60
2059930047 60
2124730934 60
2189532968 60
2257533828 60
2324330061 60
2391528680 60
2459933504 60
2529525920 60
2596325134 60
2663129148 60
2728837940 60
2795927394 60
2861130018 60
2927920070 60
2993917887 60
3060726867 60
3125922069 60
3193524785 60
3259932668 60
3326725266 60
3393522919 60
3458322034 60
3529123021 60
3595526425 60
3664716378 60
3733117469 60
3797917580 60
3864322869 60
3930313538 60
3996311580 60
4061912844 60
4127517949 60
4192314867 60
4259912940 60
30948437 60
410543451 70
478724781 70
548665883 70
617510714 70
684656618 70
751857643 70
818654070 70
887454547 70
955456519 70
1023051014 70
1093449607 70
1164348193 70
1233051445 70
1301044686 70
1370247415 70
1440254774 70
1511046624 70
1579851183 70
1650245762 70
1718248761 70
1788242717 70
1856642017 70
1926242449 70
1996242959 70
2069041388 70
2135841151 70
2202644298 70
2271148768 70
2340637971 70
2408240068 70
2476236389 70
2544233171 70
2612638070 70
2679835004 70
2748637403 70
2816639721 70
2885832597 70
2955034350 70
3021832273 70
3089830550 70
3162227232 70
3231427473 70
3299031622 70
3366628632 70
3434585605 70
3502226691 70
3570229345 70
3639024453 70
3709024743 70
3777424366 70
3846221403 70
3913421469 70
3981823755 70
4051824685 70
4121018960 70
4189422168 70
4258620789 70
33254076 70
100049841 70
167247746 70
238929185 70
306846007 70
375649551 70
444445098 70
514041724 70
584846235 70
652040246 70
718841494 70
788047935 70
855643370 70
923643121 70
990838136 70
1060035247 70
1130040613 70
1199638842 70
1268438938 70
1338043696 70
1408433964 70
1476441301 70
1542834267 70
1612435718 70
1679633252 70
1747235857 70
1814837824 70
1884033907 70
1952353562 70
2020031886 70
2085641957 70
2153627675 70
2220029162 70
2287235225 70
2356429523 70
2423627698 70
2494025245 70
2561227455 70
2627624145 70
2696019816 70
2765221622 70
2835221557 70
2903622836 70
3331322269 80
3401844022 80
3471767066 80
3541757194 80
3614121641 80
3685338919 80
3754924995 80
3825758109 80
3896522505 80
3966540663 80
4039764499 80
4108160547 80
4178128353 80
4247742147 80
23576265 80
95569886 80
167581247 80
239574436 80
307963702 80
377977815 80
449149820 80
521582145 80
590353035 80
661988873 80
731568874 80
801575487 80
871979849 80
942770095 80
1015162894 80
1085968627 80
1157159607 80
1227572607 80
1297562020 80
1369950881 80
1439541729 80
1509175201 80
1579562017 80
1649594239 80
1720769769 80
1791556622 80
1865172811 80
1934740437 80
2004758016 80
2074347077 80
2144761651 80
2213561145 80
2283539093 80
2352736139 80
2423561908 80
2493948575 80
2563954498 80
2635926387 80
2708351612 80
2779160457 80
2850743702 80
2921550854 80
2991532781 80
3063136577 80
3133927121 80
3205955443 80
3277421395 80
3347947487 80
3419119215 80
3491154561 80
3561949889 80
3633522011 80
3704752328 80
3776344414 80
3847154302 80
3918735277 80
3989569293 80
4059118614 80
4131541503 80
4203543441 80
4273943779 80
49374120 80
120982321 80
192652186 80
264569552 80
335752798 80
406968724 80
478144182 80
549376998 80
620555712 80
690563087 80
760952511 80
830958078 80
902545972 80
973765002 80
1043782000 80
1112961585 80
1183332265 80
1252161686 80
1322559237 80
1393360321 80
1462957949 80
1532543755 80
1604958831 80
1676950758 80
1748542367 80
2226401593 90
2301136103 90
2371861008 90
2447843249 90
2521858306 90
2593044724 90
2668248311 90
2740646190 90
2812647303 90
2885441493 90
2955443971 90
3028240481 90
3099441389 90
3170640189 90
3244237527 90
3317037052 90
3389439958 90
3461434204 90
3534234093 90
3607831934 90
3680237032 90
3755437395 90
3829428480 90
3901036809 90
3972233873 90
4047030340 90
4121027000 90
4192626737 90
4263827372 90
41260915 90
114864086 90
188346498 90
262460969 90
334056887 90
406057293 90
480056139 90
552860057 90
624849187 90
697503669 90
770054915 90
843655154 90
917253150 90
990454685 90
1066045237 90
1140042916 90
1212854724 90
1288453183 90
1360850901 90
1434851063 90
1509251874 90
1583247600 90
1658448222 90
1731247745 90
1802913206 90
1876449823 90
1949645254 90
2023640397 90
2097237825 90
2170839170 90
2245241081 90
2317648254 90
2390835463 90
2463242464 90
2537637197 90
2611232751 90
2682441585 90
2755233002 90
2829229211 90
2903724088 90
2976834079 90
3049232386 90
3123228935 90
3195228357 90
3265627255 90
3336827967 90
3412839911 90
3484024568 90
3557222645 90
3628822559 90
3700821421 90
3775226185 90
3848419036 90
3922031605 90
3995232271 90
4066824334 90
4140021561 90
4214420685 90
4288025757 90
63448106 90
137447443 90
209054444 90
281449239 90
352650789 90
426646290 90
500245648 90
574644938 90
646643351 90
718644188 90
794744535 90
866642705 90
