3303495887 1
3357492023 1
3409902060 1
3461518744 1
3515508557 1
3568711122 1
3622693711 1
3676283274 1
3729486290 1
3782315119 1
3836695717 1
3889497365 1
3943103595 1
3996689674 1
4050688900 1
4104311770 1
4158323257 1
4211895330 1
4267098696 1
26138502 1
79722009 1
130926118 1
183722608 1
236535761 1
289329170 1
340946884 1
394519655 1
446543952 1
500925824 1
554533649 1
607727874 1
660514448 1
715341624 1
768124475 1
822915090 1
878118367 1
932519728 1
986131555 1
1038507027 1
1092120806 1
1144925674 1
1198913128 1
1252521530 1
1304918990 1
1356513216 1
1410937396 1
1465314185 1
1517319224 1
1569719899 1
1622514606 1
1678952615 1
1731319661 1
1784575686 1
1838105000 1
1891710438 1
1946120167 1
1999298760 1
2053309332 1
2106908606 1
2159706242 1
2212509201 1
2263703004 1
2316500873 1
2368906579 1
2421353981 1
2475725093 1
2528532732 1
2580518779 1
2633304232 1
2686128155 1
2740094962 1
2792905525 1
2848505737 1
2900496133 1
2952551527 1
3006509124 1
3057713250 1
3111296306 1
3163311348 1
3216508036 1
3269708864 1
3320891130 1
3373698682 1
3425290379 1
3477301630 1
3530096618 1
3582506466 1
3636502528 1
3687709752 1
3739311996 1
3791295350 1
3844895058 1
3896920311 1
3950484416 1
4005322175 1
4057288530 1
4108917442 1
4163310266 1
4215691259 1
4268098253 1
29254915 10
84292961 10
138697544 10
194353345 10
249926142 10
303888642 10
359090356 10
414695658 10
471890193 10
526716027 10
581399647 10
637488091 10
693873203 10
749084671 10
807088349 10
863446866 10
919452376 10
973900367 10
1028284932 10
1083837783 10
1140281458 10
1196251076 10
1251087187 10
1308688080 10
1362685885 10
1418275045 10
1472261627 10
1526702144 10
1581506434 10
1636276798 10
1692309220 10
1748630759 10
1803454818 10
1856675118 10
1911876765 10
1967047842 10
2023044662 10
2079460864 10
2135103251 10
2190693228 10
2245940812 10
2301134236 10
2355109227 10
2408262952 10
2464341652 10
2518663888 10
2574338695 10
2629499657 10
2685072310 10
2739900718 10
2795471682 10
2849440015 10
2906282760 10
2961476098 10
3017135434 10
3070697947 10
3125901260 10
3179064347 10
3233840720 10
3286674528 10
3339473885 10
3394664667 10
3449041281 10
3505413809 10
3558650124 10
3611430458 10
3665037407 10
3721062889 10
3774248728 10
3827482494 10
3882241034 10
3936685035 10
3992643351 10
4048264568 10
4104269523 10
4159469353 10
4215854377 10
4269837591 10
30159812 10
85301476 10
141680947 10
196109681 10
251302098 10
306073690 10
362972427 10
418071647 10
471324009 10
526865877 10
582088121 10
634878213 10
688073880 10
743278888 10
796881747 10
853301927 10
907304545 10
961278498 10
1012895341 10
1068120990 10
1123683994 10
1178499434 10
1238904276 20
1296717086 20
1353421108 20
1410270506 20
1467486237 20
1524637007 20
1579504756 20
1633859807 20
1693151290 20
1750272856 20
1807460320 20
1864259496 20
1920279749 20
1978671950 20
2033881012 20
2092279264 20
2149448020 20
2205452131 20
2263828224 20
2320268861 20
2378619762 20
2434621571 20
2493034966 20
2549058200 20
2605459139 20
2665036404 20
2720283690 20
2778644775 20
2835450227 20
2891450621 20
2948647523 20
3004254193 20
3061870497 20
3119066913 20
3175045080 20
3233849924 20
3288639423 20
3345046952 20
3402661960 20
3460644006 20
3520622303 20
3577085773 20
3634659674 20
3692239776 20
3750237782 20
3810634291 20
3867834850 20
3924666295 20
3983000123 20
4039034898 20
4096991368 20
4153396639 20
4211006346 20
4268203250 20
28466863 20
88443672 20
146407173 20
204465171 20
261657848 20
321637864 20
379247608 20
438473733 20
494037486 20
550864154 20
605650204 20
662479514 20
717652984 20
775222584 20
834065430 20
889246651 20
946837229 20
1004056546 20
1062087510 20
1118026567 20
1176016898 20
1234064900 20
1293647639 20
1350435428 20
1407996319 20
1466438068 20
1525644635 20
1583644476 20
1645234524 20
1702419778 20
1758878568 20
1818455386 20
1875283716 20
1931220192 20
1988863742 20
2046441888 20
2104839594 20
2161218711 20
2217637908 20
2274445651 20
2332043089 20
2388051050 20
2445242988 20
2501585161 20
2558463150 20
2614862202 20
2672457173 30
2734132515 30
2794889258 30
2853788534 30
2912553328 30
2973362693 30
3031815889 30
3092563137 30
3150536009 30
3210616308 30
3270974737 30
3330619753 30
3388529990 30
3446502098 30
3505297957 30
3563298402 30
3620575443 30
3678577966 30
3738951030 30
3799757251 30
3860082948 30
3919339480 30
3979368976 30
4039363296 30
4096919836 30
4154124255 30
4211772222 30
4269805867 30
33601140 30
93122198 30
151999480 30
210840047 30
270737098 30
331161896 30
390397569 30
449956946 30
508742886 30
565968359 30
624746043 30
681534518 30
742301844 30
801156814 30
860719233 30
919129100 30
975996298 30
1034704063 30
1092791820 30
1152495508 30
1210849035 30
1270759196 30
1329989967 30
1389606829 30
1449502472 30
1507954648 30
1566800946 30
1625907252 30
1686041692 30
1745899580 30
1803575265 30
1863956191 30
1922735642 30
1981898003 30
2040753106 30
2101128976 30
2161142321 30
2221909338 30
2279931077 30
2338357472 30
2396747640 30
2456343216 30
2514747062 30
2574753805 30
2637200793 30
2696784964 30
2754760927 30
2815539128 30
2873117396 30
2930731588 30
2988679626 30
3046789408 30
3105534171 30
3167930552 30
3229109984 30
3287188535 30
3347915094 30
3405921800 30
3463574496 30
3523544250 30
3584313078 30
3643164255 30
3701571944 30
3761924954 30
3822317901 30
3882372355 30
3942374070 30
4002011350 30
4062374940 30
4123573708 30
4181541450 30
4239992985 30
9496900 40
71110353 40
132655953 40
196700559 40
259922692 40
321133964 40
384663884 40
447407565 40
509044352 40
570690786 40
634284926 40
697124261 40
758235127 40
821078548 40
887309786 40
948206700 40
1013004880 40
1075934530 40
1137467397 40
1198366474 40
1263025652 40
1324859350 40
1388255177 40
1449501980 40
1511861159 40
1574816327 40
1637140751 40
1696710710 40
1758288765 40
1819640739 40
1883034942 40
1945499266 40
2006301864 40
2067124218 40
2129871386 40
2189892303 40
2253060485 40
2316655446 40
2378334899 40
2438364152 40
2502264591 40
2561873098 40
2623993427 40
2687468171 40
2748246925 40
2813261171 40
2877890320 40
2938246268 40
3000718340 40
3062626967 40
3125471262 40
3187034989 40
3251868622 40
3315075049 40
3377489840 40
3439406405 40
3501079886 40
3566690103 40
3630680433 40
3691090592 40
3752668419 40
3814756397 40
3879990329 40
3939810948 40
4003148466 40
4066626250 40
4129639924 40
4188670946 40
4254228039 40
21311256 40
84072444 40
147003260 40
208947503 40
272878074 40
336939934 40
398521982 40
463068336 40
524930045 40
589001036 40
654109114 40
714113162 40
774978918 40
839286510 40
903304654 40
963693277 40
1026458380 40
1088130536 40
1150914451 40
1211679674 40
1272529575 40
1335697812 40
1400492777 40
1462152455 40
1525421549 40
1587240989 40
1650203737 40
1710529298 40
1774043678 40
1835712311 40
1897378747 40
1961418709 50
2028516389 50
2093335442 50
2159309867 50
2227373243 50
2293370285 50
2357389165 50
2421393988 50
2486119550 50
2548915536 50
2613286798 50
2679945376 50
2746354222 50
2812118374 50
2876996104 50
2941694194 50
3005448015 50
3071305707 50
3136470193 50
3202282743 50
3266219788 50
3331324424 50
3395061732 50
3459288658 50
3526177454 50
3592318228 50
3658190301 50
3722789755 50
3787310015 50
3851519473 50
3917697520 50
3981834152 50
4046422374 50
4110144924 50
4174955748 50
4238951268 50
7210072 50
71590003 50
134747321 50
196368564 50
262496292 50
327845634 50
393157831 50
455874093 50
521251488 50
585172938 50
648720043 50
712102741 50
776777526 50
841619126 50
907162131 50
972381274 50
1037255492 50
1099598482 50
1162246311 50
1225216168 50
1288547019 50
1350605444 50
1415258684 50
1479259989 50
1546416091 50
1608431212 50
1671888274 50
1736694648 50
1801769572 50
1869029412 50
1934459056 50
1999089214 50
2063330357 50
2127644008 50
2192356977 50
2257391687 50
2321642042 50
2386225494 50
2452002686 50
2516856736 50
2580917650 50
2647653281 50
2711913530 50
2773504188 50
2839098893 50
2903932931 50
2967545053 50
3033525891 50
3098988216 50
3163136048 50
3229642688 50
3293054870 50
3357929506 50
3423258707 50
3486729828 50
3553617390 50
3617937145 50
3680350610 50
3746735133 50
3811147842 50
3876098644 50
3941615800 50
4006952089 50
4070207552 50
4137366976 60
4204181999 60
4270038203 60
40873657 60
108250088 60
175050992 60
239451710 60
305055071 60
373524042 60
443426268 60
509094582 60
576278721 60
644615214 60
711442770 60
780697798 60
847023268 60
911471805 60
978168973 60
1044891088 60
1109976239 60
1176624021 60
1244647918 60
1308262127 60
1375052644 60
1441877060 60
1507833087 60
1575106096 60
1641398880 60
1706716218 60
1770586930 60
1837389342 60
1902625229 60
1968292438 60
2032755444 60
2095836669 60
2160757988 60
2225404477 60
2291558480 60
2358634429 60
2425092196 60
2492337303 60
2558240968 60
2625100220 60
2689902498 60
2756679378 60
2824423662 60
2892883628 60
2959418428 60
3026273812 60
3092550313 60
3159806830 60
3225808189 60
3293007383 60
3358202003 60
3424240344 60
3491222838 60
3560037030 60
3625667799 60
3691336469 60
3757038066 60
3825306055 60
3890133317 60
3957818736 60
4024579046 60
4091344014 60
4159050449 60
4225458327 60
4292692923 60
62642757 60
128402050 60
196348406 60
262929989 60
332043368 60
397684762 60
467425908 60
532068959 60
599512681 60
668402921 60
733214068 60
798903002 60
866215745 60
931611157 60
997674770 60
1064422457 60
1130043248 60
1196406594 60
1265402271 60
1333533929 60
1401622802 60
1470536466 60
1537608001 60
1604825826 60
1673356160 60
1738329121 60
1805285446 60
1874054482 60
1943265834 60
2010624965 60
2077823224 60
2143699380 60
2213234696 70
2281849187 70
2351719027 70
2420969218 70
2489743570 70
2556875861 70
2626920138 70
2695743188 70
2763820666 70
2831448034 70
2902520116 70
2971400244 70
3039762562 70
3111698772 70
3178523865 70
3245394105 70
3314910558 70
3387303549 70
3455282390 70
3525372901 70
3594094884 70
3663917039 70
3733256548 70
3803523664 70
3871744136 70
3942489424 70
4010128263 70
4079109776 70
4148142687 70
4219558627 70
4287728925 70
60302974 70
126293408 70
195134253 70
267361332 70
335534653 70
405559306 70
476389158 70
546294093 70
614828194 70
685197697 70
754021351 70
821962302 70
889892766 70
958322882 70
1027098475 70
1095612575 70
1165612727 70
1234436672 70
1303821647 70
1370314306 70
1437898052 70
1505885712 70
1573891112 70
1643392854 70
1710836254 70
1779564444 70
1849444091 70
1918414573 70
1989111628 70
2056787481 70
2125566239 70
2195963780 70
2265319671 70
2334035902 70
2400247558 70
2468777780 70
2538766270 70
2605499583 70
2673052859 70
2741537650 70
2812369380 70
2880384844 70
2949948450 70
3018783280 70
3087535653 70
3156368008 70
3226802838 70
3295542028 70
3365634276 70
3435471381 70
3503520522 70
3572287359 70
3641154894 70
3710786326 70
3777228095 70
3847471419 70
3915633820 70
3985131400 70
4054540230 70
4123563513 70
4189971110 70
4259552647 70
32879710 70
102915254 70
172813304 70
241820902 70
311748993 70
380941110 70
449363861 70
521332924 80
592266688 80
665379918 80
735830058 80
805417279 80
879087535 80
950977385 80
1021409280 80
1093826698 80
1165071139 80
1235809020 80
1307580876 80
1378648887 80
1448682858 80
1519130962 80
1590297643 80
1660477130 80
1729485326 80
1800130306 80
1870190636 80
1940592833 80
2012207185 80
2084261347 80
2155829779 80
2224363569 80
2297343616 80
2368984450 80
2440621133 80
2509031748 80
2581969010 80
2653173255 80
2722494627 80
2793851418 80
2865882157 80
2937213083 80
3008575828 80
3077814941 80
3150540640 80
3220846108 80
3293246806 80
3363077728 80
3433813692 80
3504115486 80
3575218105 80
3646704527 80
3719530289 80
3789945330 80
3861356922 80
3931790632 80
4002730881 80
4075753898 80
4148188984 80
4221366200 80
4294585939 80
71701103 80
143888213 80
216831954 80
288460203 80
359306546 80
430387857 80
502682919 80
574028883 80
646403153 80
716466148 80
788961274 80
860070627 80
932523410 80
1001696784 80
1072778002 80
1143050545 80
1215220513 80
1286795609 80
1357625779 80
1429239057 80
1500475919 80
1572232081 80
1641987559 80
1714017512 80
1784188670 80
1853246996 80
1924558064 80
1996413713 80
2070485940 80
2140452800 80
2211198390 80
2282482578 80
2353558785 80
2424416912 80
2495624008 80
2568386511 80
2641308853 80
2712362312 80
2782483455 80
2854306441 80
2926230423 80
2997222289 80
3068715329 80
3140233021 80
3212063350 80
3283742922 80
3359739308 90
3433999706 90
3508481896 90
3582250831 90
3653006454 90
3724402805 90
3799050360 90
3871847920 90
3942041928 90
4016543461 90
4088975358 90
4163281449 90
4235921146 90
17009866 90
90855535 90
165053734 90
237969188 90
309599326 90
383982280 90
455598906 90
526592214 90
597873844 90
671607955 90
745562652 90
819241100 90
893251249 90
966718819 90
1041677624 90
1114771870 90
1187472187 90
1261643649 90
1338446781 90
1412451027 90
1486077721 90
1561331570 90
1636277742 90
1709131321 90
1784191651 90
1858379480 90
1930415652 90
2003580419 90
2077911726 90
2150943491 90
2224436848 90
2297807406 90
2370347308 90
2443121156 90
2516105593 90
2587428122 90
2657680502 90
2731304311 90
2804363110 90
2879222188 90
2953596968 90
3028131808 90
3100398798 90
3172946494 90
3246094744 90
3319218306 90
3392310746 90
3466387839 90
3539283136 90
3611690298 90
3684535322 90
3759536726 90
3830939751 90
3904413266 90
3976857812 90
4052083305 90
4125697104 90
4197935718 90
4271296936 90
49532252 90
124765539 90
198983927 90
270938727 90
344849429 90
419681978 90
491141620 90
565665102 90
638864392 90
712685563 90
788651874 90
860656878 90
934127330 90
1007534182 90
1081672407 90
1151837254 90
1224617861 90
1297647445 90
1370908317 90
1444223172 90
1518183512 90
1592581555 90
1663315966 90
1735715642 90
1812993527 90
1884754061 90
1958132554 90
2031772275 90
