451005615 1
502576295 1
554501180 1
608090123 1
661282884 1
714306379 1
768902196 1
822492827 1
874890886 1
928138393 1
982118869 1
1037013070 1
1089695622 1
1141691675 1
1196104645 1
1250084873 1
1301404505 1
1354504650 1
1406883661 1
1460898249 1
1514005325 1
1566494719 1
1618140755 1
1671338604 1
1723283798 1
1777292267 1
1829697479 1
1882879243 1
1937845745 1
1991337272 1
2045295145 1
2097288978 1
2150100814 1
2202107429 1
2254872307 1
2308168739 1
2361707179 1
2414969824 1
2468877521 1
2521305632 1
2576097925 1
2630882717 1
2681675903 1
2732868855 1
2785679852 1
2838901161 1
2892481462 1
2944486553 1
2996117059 1
3047306809 1
3099292286 1
3152875711 1
3205736755 1
3258871032 1
3310877776 1
3364097271 1
3417306098 1
3470896492 1
3522252538 1
3574486025 1
3626474848 1
3679261004 1
3734873378 1
3787668979 1
3840547163 1
3895275088 1
3946885053 1
3999682128 1
4052077044 1
4105271333 1
4159255451 1
4210501192 1
4264461995 1
22053842 1
75902947 1
127565601 1
181108687 1
232709985 1
287288297 1
340739963 1
392719947 1
446897003 1
497954727 1
550707845 1
603492285 1
654722288 1
708289929 1
761510615 1
815122562 1
870710639 1
922308981 1
975944182 1
1026712225 1
1081968309 1
1134704373 1
1188696524 1
1241106371 1
1294705089 1
1349090943 1
1401892669 1
1501987263 10
1557082249 10
1610846087 10
1664260848 10
1718282939 10
1772230801 10
1827840711 10
1884260641 10
1938642729 10
1993971707 10
2047027507 10
2101900408 10
2155403579 10
2208257318 10
2262692001 10
2317833821 10
2375431842 10
2431825448 10
2487177648 10
2544665392 10
2601055824 10
2653881072 10
2709866602 10
2764249559 10
2818225086 10
2875034212 10
2929856971 10
2985193789 10
3041161381 10
3097846047 10
3152240407 10
3206650482 10
3263853010 10
3318329669 10
3375054774 10
3431151780 10
3486016619 10
3539864088 10
3597080167 10
3651994611 10
3705047176 10
3762611013 10
3817433035 10
3871836132 10
3927052953 10
3981033337 10
4037050741 10
4092256328 10
4147485874 10
4202657769 10
4257434514 10
18508621 10
71653807 10
124429745 10
180868313 10
240078775 10
297664061 10
352464995 10
409258895 10
464452237 10
519667677 10
573286647 10
629279279 10
683288025 10
737666553 10
790857042 10
845264583 10
900875465 10
957671744 10
1012048243 10
1067669174 10
1120453628 10
1176070969 10
1230071139 10
1284863140 10
1339266266 10
1393667064 10
1448628323 10
1502440596 10
1558110645 10
1614921679 10
1668833546 10
1723745912 10
1777665146 10
1832084919 10
1888034611 10
1942436017 10
1999673656 10
2053698499 10
2109645744 10
2164860324 10
2220866423 10
2276857779 10
2334128907 10
2388446081 10
2443239873 10
2498044523 10
2552447649 10
2608074833 10
2663646941 10
2812800021 20
2871408825 20
2928621039 20
2984176757 20
3041426931 20
3098655936 20
3154252094 20
3211035837 20
3267453749 20
3322235532 20
3378680877 20
3433477508 20
3489491489 20
3546274445 20
3606626255 20
3665924057 20
3721862189 20
3777481436 20
3834241625 20
3889483513 20
3945836133 20
4002216875 20
4058613598 20
4113056135 20
4169850692 20
4226646595 20
4284225719 20
44872508 20
99747964 20
156842251 20
212859223 20
272050867 20
330562637 20
388058233 20
444841691 20
501287391 20
557285997 20
613618404 20
668857897 20
724873314 20
782466450 20
840846231 20
896808136 20
952867051 20
1011247403 20
1069418718 20
1126054772 20
1181314727 20
1239237383 20
1296496551 20
1352052985 20
1408859960 20
1466511460 20
1523352384 20
1581273939 20
1638037030 20
1696111551 20
1752458391 20
1809466367 20
1864832260 20
1919681683 20
1978998011 20
2035619705 20
2095645333 20
2154879780 20
2213309774 20
2270115398 20
2326951996 20
2383262004 20
2439279415 20
2498569379 20
2555359078 20
2611703049 20
2668852491 20
2724433877 20
2780595855 20
2839632759 20
2894464831 20
2950884671 20
3006427021 20
3062010831 20
3119630620 20
3178025063 20
3233609803 20
3290455056 20
3347543638 20
3405650283 20
3461238523 20
3518421831 20
3578049382 20
3636076693 20
3692849497 20
3749777109 20
3809197489 20
3865262321 20
3921197490 20
3979999440 20
4036799397 20
4092852551 20
4150019408 20
51015810 30
110647602 30
168704462 30
226696539 30
285128941 30
343132330 30
401564403 30
462848459 30
522740563 30
582232571 30
642309658 30
701618974 30
761429377 30
819808432 30
877064529 30
937170640 30
996298871 30
1053439233 30
1110257738 30
1167481483 30
1225009062 30
1283408745 30
1343521397 30
1401556566 30
1461821444 30
1521908558 30
1581509171 30
1639880346 30
1697516118 30
1756377523 30
1815507982 30
1877120077 30
1935167877 30
1994704367 30
2053192219 30
2111551250 30
2170230125 30
2228773553 30
2287796553 30
2346421700 30
2407043218 30
2464595812 30
2525063754 30
2585389558 30
2646065839 30
2704739729 30
2764266779 30
2824290851 30
2884703229 30
2941448533 30
3000575739 30
3059942878 30
3119571071 30
3177466049 30
3235149263 30
3293411114 30
3352695923 30
3410738366 30
3468671998 30
3525139971 30
3582959678 30
3643593969 30
3702739403 30
3761868915 30
3819722037 30
3880234615 30
3938676710 30
3996235384 30
4056351927 30
4115914053 30
4174254289 30
4232243108 30
4288608420 30
53202596 30
112837178 30
173161135 30
230489325 30
288124129 30
345677381 30
403975986 30
462952257 30
521684833 30
582026420 30
642841216 30
701684702 30
761830479 30
820898718 30
880962989 30
938091553 30
996908884 30
1053663277 30
1112522211 30
1170799426 30
1228625449 30
1288566123 30
1346911145 30
1406567784 30
1464430893 30
1523284523 30
1580476628 30
1821011495 40
1882778385 40
1943578896 40
2005513531 40
2069894952 40
2130184923 40
2189800477 40
2251134561 40
2314126516 40
2378763241 40
2440613747 40
2503098734 40
2564396520 40
2627904979 40
2690540530 40
2753995677 40
2816478001 40
2878910798 40
2939269989 40
3000477612 40
3062124229 40
3124780049 40
3182732097 40
3246370588 40
3305938353 40
3366645873 40
3430042324 40
3492296333 40
3553333571 40
3613924572 40
3678362141 40
3741343089 40
3802731183 40
3865960916 40
3927635537 40
3990351517 40
4052347536 40
4114750353 40
4176759716 40
4235914631 40
1796930 40
62584297 40
125059697 40
185494157 40
247796681 40
309341258 40
369736490 40
431247807 40
492965021 40
555393435 40
617843566 40
678027802 40
739396447 40
801424035 40
862991265 40
923044977 40
985398419 40
1046426843 40
1106996721 40
1169088489 40
1231019686 40
1293410570 40
1356182713 40
1419119257 40
1479971626 40
1541705254 40
1603023754 40
1664988199 40
1728278190 40
1789766669 40
1850122929 40
1914618736 40
1976183802 40
2036996860 40
2096563494 40
2158298465 40
2218643021 40
2280246817 40
2341784107 40
2402627853 40
2465730501 40
2525912661 40
2588324562 40
2650614105 40
2713201877 40
2775748440 40
2837047501 40
2899508579 40
2960354210 40
3024353505 40
3086133541 40
3144591480 40
3205465277 40
3267713340 40
3330876146 40
3395055303 40
3458095433 40
3519729600 40
3581349473 40
3643624702 40
3932685367 50
3997812393 50
4063559783 50
4128270680 50
4191804455 50
4255409962 50
23372705 50
86354321 50
148037870 50
213679087 50
276925341 50
341236854 50
404724021 50
468446743 50
532372501 50
595473311 50
662183863 50
726135379 50
791650844 50
855230509 50
921240467 50
985607860 50
1051407925 50
1114052429 50
1180417647 50
1244849691 50
1308155735 50
1370446350 50
1434567433 50
1496480989 50
1560443873 50
1624590167 50
1691206385 50
1755213261 50
1820013597 50
1886393475 50
1948873412 50
2014781380 50
2081206784 50
2145352718 50
2210050638 50
2273630599 50
2337635967 50
2400131189 50
2465429935 50
2528824793 50
2594393685 50
2658854928 50
2723231812 50
2787447787 50
2851945205 50
2916901323 50
2979099597 50
3044107178 50
3108284130 50
3172034815 50
3236500666 50
3300931711 50
3367921014 50
3432105879 50
3496245993 50
3563947208 50
3626804837 50
3690414028 50
3753211083 50
3817592982 50
3879542161 50
3943589875 50
4008168721 50
4072089701 50
4135092629 50
4200040590 50
4264330073 50
35062856 50
99001481 50
164548451 50
227881511 50
292648478 50
357050182 50
421681270 50
485085534 50
548658987 50
615378118 50
679432926 50
743086545 50
807550655 50
873303067 50
938809375 50
1004025747 50
1068274167 50
1132728667 50
1197401059 50
1260973840 50
1325808088 50
1389491875 50
1454661335 50
1517870015 50
1578711049 50
1640668155 50
1705200632 50
2045558470 60
2111857725 60
2177100117 60
2245141299 60
2309094651 60
2375262723 60
2440786857 60
2507241391 60
2573527425 60
2639431245 60
2707112561 60
2772830814 60
2840967885 60
2907948176 60
2975153476 60
3041950608 60
3108781958 60
3175758551 60
3243438857 60
3310771322 60
3376037961 60
3442586682 60
3512211191 60
3578284793 60
3646334399 60
3712721754 60
3779535225 60
3846676003 60
3914774452 60
3979920202 60
4045594602 60
4112557785 60
4180233205 60
4245331273 60
17220919 60
83754288 60
151418283 60
215689779 60
284019353 60
349461231 60
414999280 60
479669979 60
546023689 60
612419031 60
677714404 60
744091572 60
810841521 60
876770515 60
942940235 60
1008920964 60
1078977171 60
1146582681 60
1214075997 60
1281378278 60
1348261279 60
1413732277 60
1480778222 60
1547989932 60
1613345330 60
1680904665 60
1750376073 60
1816895331 60
1882837648 60
1950804703 60
2017198560 60
2083221025 60
2147642114 60
2213013116 60
2281026049 60
2347781955 60
2416344838 60
2485355993 60
2554075588 60
2620085679 60
2684428146 60
2753230543 60
2819278342 60
2884172075 60
2950952251 60
3017575545 60
3082765424 60
3150956661 60
3216905822 60
3284176471 60
3348971243 60
3415029493 60
3482944278 60
3552181463 60
3619873105 60
3689704728 60
3755452616 60
3820793445 60
3888207670 60
3953977873 60
4020281472 60
4085660951 60
4150032571 60
4216332535 60
4284009182 60
52701415 60
436436447 70
506225935 70
574207490 70
642409233 70
709462410 70
776340854 70
844578183 70
913299437 70
980558721 70
1049596213 70
1119956055 70
1190309774 70
1257295477 70
1327597635 70
1395972457 70
1466364687 70
1536589919 70
1606705655 70
1675830615 70
1745672190 70
1814199787 70
1883618119 70
1953634170 70
2023990674 70
2093991369 70
2159819533 70
2227247834 70
2296891032 70
2366401106 70
2433464415 70
2501478675 70
2569173549 70
2638025483 70
2705291014 70
2772407907 70
2841993876 70
2911749781 70
2978458638 70
3048271444 70
3116382509 70
3188567089 70
3256847719 70
3323764981 70
3390995605 70
3458421329 70
3527426997 70
3595710155 70
3665277871 70
3735574070 70
3802739099 70
3870914321 70
3939335058 70
4007916767 70
4077965642 70
4145612771 70
4215409594 70
4283604313 70
57297875 70
125902775 70
195422651 70
264341327 70
332555293 70
401227499 70
470951351 70
541892835 70
609808288 70
676293754 70
744509099 70
812167472 70
881017839 70
948618494 70
1015520577 70
1086560042 70
1154766202 70
1224760302 70
1294406488 70
1363804177 70
1433968729 70
1500382967 70
1568090928 70
1636543346 70
1705673508 70
1771330415 70
1840551555 70
1908394637 70
1978208415 70
2043894797 70
2110055532 70
2177090439 70
2244412609 70
2313555718 70
2381682955 70
2450207203 70
2518445165 70
2585193091 70
2653473470 70
2721545047 70
2790548615 70
2860281799 70
2930179668 70
3358538015 80
3428471598 80
3499196155 80
3568600340 80
3642478688 80
3713440023 80
3783361101 80
3854378135 80
3923426876 80
3994154833 80
4065469680 80
4135295176 80
4204946308 80
4275386436 80
53006985 80
123949490 80
195091089 80
265811681 80
334559725 80
405223509 80
477158613 80
548263133 80
618658539 80
688028097 80
758434507 80
829910156 80
900410755 80
971234355 80
1042318953 80
1113939698 80
1184175709 80
1253518967 80
1325843756 80
1396427588 80
1466138258 80
1536772057 80
1605865189 80
1676276800 80
1748854903 80
1821913122 80
1892047617 80
1962654074 80
2030891177 80
2101968405 80
2170510365 80
2240434803 80
2310777009 80
2381111853 80
2450803258 80
2520738696 80
2591925342 80
2664753859 80
2734682479 80
2807237409 80
2878580896 80
2949272374 80
3019969005 80
3091294207 80
3162382317 80
3234284158 80
3303837391 80
3376519852 80
3447322664 80
3519305020 80
3589970907 80
3662389664 80
3733675949 80
3804330451 80
3875529642 80
3947102104 80
4015571162 80
4087149370 80
4160211983 80
4231775691 80
7101640 80
77816883 80
148217587 80
221328065 80
292696597 80
362923250 80
434241194 80
506207719 80
576112722 80
646989733 80
718281570 80
788089531 80
859000852 80
930713076 80
1001843649 80
1070559712 80
1141354632 80
1208913569 80
1279168716 80
1350159589 80
1419363215 80
1489383913 80
1561030888 80
1633470189 80
1704034055 80
1775013365 80
2256548457 90
2330033169 90
2403356098 90
2478426473 90
2550550343 90
2622947432 90
2698081337 90
2770043077 90
2842858113 90
2913362358 90
2985596531 90
3054786534 90
3128398007 90
3201249631 90
3273824426 90
3347019643 90
3418986956 90
3491247689 90
3564044607 90
3636354076 90
3710006622 90
3786296301 90
3858163934 90
3930514542 90
4002149152 90
4078211608 90
4150194240 90
4221604384 90
4294398938 90
71196451 90
143544523 90
218992646 90
291397876 90
363134063 90
436479378 90
509895471 90
582238023 90
653171995 90
726772903 90
800020820 90
873504119 90
947457786 90
1021480526 90
1096662081 90
1170687119 90
1243893583 90
1318253541 90
1390594473 90
1464671939 90
1539744577 90
1613259485 90
1686710123 90
1761077992 90
1833815450 90
1905483939 90
1980741987 90
2053164776 90
2127681303 90
2201127689 90
2274537094 90
2347078935 90
2420214714 90
2493937319 90
2568733158 90
2639695221 90
2711849000 90
2785641194 90
2859876487 90
2933451377 90
3006750997 90
3080361782 90
3153240571 90
3223624357 90
3294232611 90
3367596012 90
3441095430 90
3513842047 90
3586281040 90
3658744082 90
3731354657 90
3805330668 90
3878397388 90
3951333827 90
4023560887 90
4096511777 90
4169747479 90
4244692539 90
21174996 90
93891537 90
166336098 90
239408452 90
311205497 90
382169387 90
457728776 90
530439980 90
602706157 90
675079681 90
748889415 90
823699008 90
894871663 90
