869908266 1
872111511 1
874351193 1
876596283 1
878856338 1
881118887 1
883364692 1
885608821 1
887863855 1
890102819 1
892354225 1
905365215 1
907566186 1
909835354 1
912093753 1
914347735 1
916600537 1
918844375 1
921113113 1
923365626 1
925618114 1
927871841 1
930130889 1
932388661 1
934656938 1
947207538 1
949367308 1
951607691 1
953876454 1
956137394 1
958386639 1
960650397 1
962903826 1
965157233 1
967419695 1
969684787 1
971947153 1
974209240 1
976475124 1
978731825 1
981010108 1
983250603 1
985529818 1
987786067 1
990054199 1
992311524 1
994580010 1
996830135 1
1009607685 1
1011828063 1
1014083009 1
1016336701 1
1018583459 1
1020842846 1
1023092229 1
1025338513 1
1027589543 1
1029846232 1
1032100433 1
1034359993 1
1036624976 1
1038878285 1
1041147397 1
1043402617 1
1045658261 1
1047912893 1
1050171185 1
1052416711 1
1054681416 1
1056943785 1
1059208735 1
1061465766 1
1063732794 1
1065992673 1
1068257353 1
1070519861 1
1072772858 1
1075032287 1
1087676989 1
1089911389 1
1092170043 1
1094430919 1
1096686518 1
1098953613 1
1101216000 1
1103459629 1
1105717651 1
1107962958 1
1110211423 1
1112461155 1
1114728436 1
1116971557 1
1119222861 1
1121479072 1
1123733961 1
1126003886 1
1128264058 1
1130516649 1
1132766739 1
1135023629 1
1138814950 10
1153080867 10
1156410895 10
1169979075 10
1173278059 10
1176854369 10
1180435769 10
1183988177 10
1187560900 10
1191125483 10
1194689773 10
1198239450 10
1201794431 10
1205339171 10
1208905293 10
1223077767 10
1226456993 10
1230009584 10
1233608347 10
1237180580 10
1240753075 10
1244318579 10
1247896578 10
1251481125 10
1255055413 10
1258628778 10
1262194942 10
1276259061 10
1279528622 10
1283092341 10
1286686453 10
1290246584 10
1293817935 10
1297390521 10
1300976884 10
1304557271 10
1308135600 10
1321476992 10
1324769549 10
1328354128 10
1331922410 10
1335495123 10
1339062255 10
1342583806 10
1346181766 10
1349720377 10
1353286981 10
1366947847 10
1370164549 10
1373731507 10
1377299229 10
1380875122 10
1384433137 10
1387997051 10
1391562067 10
1395124556 10
1398689756 10
1412040170 10
1415346151 10
1418903999 10
1422483001 10
1426078749 10
1429641998 10
1433192461 10
1436763175 10
1440298345 10
1443885263 10
1457743286 10
1460976593 10
1464551036 10
1468126709 10
1471682358 10
1475217668 10
1478777926 10
1482315544 10
1485887097 10
1499475237 10
1502790473 10
1506355221 10
1509908765 10
1513474134 10
1526729152 10
1529962648 10
1533515661 10
1537078366 10
1540646547 10
1544228027 10
1547792416 10
1551357558 10
1554935949 10
1558509183 10
1572405383 10
1575601020 10
1579166128 10
1582736217 10
1586300872 10
1589868892 10
1593474689 10
1597041762 10
1600611221 10
1605935693 20
1610850347 20
1615757842 20
1620709053 20
1635157287 20
1639614260 20
1644515813 20
1649398171 20
1654337222 20
1659259830 20
1664212042 20
1669148751 20
1683670653 20
1688178195 20
1693088835 20
1697995659 20
1702902057 20
1717950611 20
1722472267 20
1727392493 20
1732320761 20
1737221951 20
1752231270 20
1756801545 20
1761705570 20
1766621594 20
1771537279 20
1786804105 20
1791242653 20
1796164463 20
1801049881 20
1815562755 20
1820074477 20
1824983374 20
1829910256 20
1834875568 20
1849536277 20
1853994113 20
1858930131 20
1863840756 20
1868770103 20
1884528271 20
1888963619 20
1893899175 20
1898796170 20
1903709639 20
1908626293 20
1913530799 20
1918486336 20
1932946027 20
1937552737 20
1942474911 20
1947371121 20
1952265126 20
1967382981 20
1972050214 20
1976962184 20
1981850731 20
1986760265 20
2001624892 20
2006124697 20
2011051244 20
2015947871 20
2020874836 20
2035739711 20
2040256121 20
2045150470 20
2050049516 20
2054998176 20
2059894367 20
2075202676 20
2079694672 20
2084608706 20
2089528896 20
2094462768 20
2109389684 20
2113832035 20
2118754320 20
2123701830 20
2128624527 20
2143617598 20
2148191971 20
2153096015 20
2167356390 20
2171968527 20
2176920201 20
2181827553 20
2186769325 20
2202032381 20
2206505553 20
2211450087 20
2216365679 20
2221318381 20
2235814718 20
2240433093 20
2245351853 20
2250273611 20
2255220376 20
2260123425 20
2265039149 20
2271835792 30
2278153615 30
2284546565 30
2301389447 30
2307127706 30
2313471635 30
2319765511 30
2335415421 30
2341271514 30
2347653735 30
2353939379 30
2360239678 30
2375629240 30
2381915711 30
2388256191 30
2394582162 30
2409930609 30
2415720113 30
2421996954 30
2428312870 30
2444072019 30
2449732573 30
2456076991 30
2462384066 30
2468678687 30
2485418311 30
2491180517 30
2497491273 30
2503761252 30
2510058348 30
2525571620 30
2531300310 30
2537602907 30
2543899207 30
2559843999 30
2565582867 30
2571868937 30
2578181448 30
2594269799 30
2600128897 30
2606427377 30
2612722279 30
2619046198 30
2635425161 30
2641123333 30
2647495203 30
2653790523 30
2660052370 30
2675425011 30
2681206047 30
2687513495 30
2693796898 30
2709559526 30
2715410654 30
2721717206 30
2728049497 30
2743827225 30
2749520431 30
2755831484 30
2762177282 30
2768509943 30
2784846366 30
2790644927 30
2797028037 30
2803348828 30
2809697734 30
2816024620 30
2822375021 30
2828758247 30
2835094700 30
2850569763 30
2856374491 30
2862697686 30
2868983516 30
2884584595 30
2890918192 30
2897285845 30
2903615320 30
2909916308 30
2916207239 30
2932870771 30
2938802471 30
2945190228 30
2951491596 30
2967287397 30
2973174963 30
2979506303 30
2985794615 30
3001670432 30
3007435141 30
3013732185 30
3020128961 30
3035544486 30
3041300303 30
3047657245 30
3053975401 30
3060281212 30
3075813893 30
3081476931 30
3087790424 30
3096193691 40
3103920611 40
3111573922 40
3119254287 40
3126858904 40
3143540033 40
3150533171 40
3167469685 40
3174368454 40
3181979906 40
3189608267 40
3197304811 40
3205034256 40
3212656432 40
3220245069 40
3227925042 40
3235625526 40
3251936872 40
3268985933 40
3275925582 40
3283596261 40
3291207467 40
3298823434 40
3306487305 40
3314081733 40
3321757248 40
3329397712 40
3345822149 40
3352868333 40
3360491613 40
3368134491 40
3375797403 40
3383446626 40
3399755362 40
3407132804 40
3414752385 40
3422366307 40
3429971511 40
3437585758 40
3445273966 40
3452858410 40
3469125077 40
3476073846 40
3483683994 40
3491414849 40
3499092621 40
3506777757 40
3514405449 40
3522202557 40
3529809807 40
3546065046 40
3553144238 40
3560910970 40
3568579811 40
3576343132 40
3584018115 40
3600583425 40
3617567850 40
3624611737 40
3632281919 40
3639937798 40
3647596254 40
3655234817 40
3662928530 40
3670552349 40
3678247109 40
3694282892 40
3701174473 40
3717853664 40
3724794346 40
3732490486 40
3740119338 40
3747735598 40
3755332541 40
3763003613 40
3770621055 40
3778364858 40
3785992689 40
3802441893 40
3819594621 40
3826488465 40
3834140085 40
3841832771 40
3849482832 40
3857066959 40
3864708761 40
3872332885 40
3879979496 40
3887675050 40
3904816585 40
3921425394 40
3928434507 40
3936089651 40
3943802727 40
3951456003 40
3959086094 40
3966829037 40
3974483405 40
3982135110 40
3998381591 40
4016566591 50
4024972101 50
4033932682 50
4050881223 50
4067994864 50
4076107019 50
4085139327 50
4102491929 50
4119483428 50
4127787498 50
4136862324 50
4153732432 50
4170406988 50
4178475189 50
4187496633 50
4205161393 50
4221710371 50
4229926255 50
4238884353 50
4256784555 50
4273368335 50
4281458152 50
4290415683 50
12825990 50
21123739 50
30150761 50
47313082 50
55372059 50
73484376 50
81749890 50
90754653 50
107626693 50
124553456 50
133325075 50
142303599 50
151346570 50
160419351 50
169528081 50
178667417 50
187683395 50
196679085 50
205783193 50
225525333 50
233835108 50
242863344 50
260485488 50
276996359 50
285244890 50
294164445 50
312409664 50
328972441 50
337070375 50
346096415 50
363253430 50
371496881 50
380488940 50
397749172 50
405946797 50
415105001 50
424072283 50
433167615 50
442221801 50
451306817 50
460324814 50
469421707 50
489012513 50
497244153 50
506200019 50
523137815 50
531392803 50
540644197 50
549732643 50
558722795 50
567750513 50
576795341 50
585802053 50
594743373 50
603828635 50
612904963 50
621887761 50
641648601 50
650167203 50
659156403 50
668149999 50
677114600 50
686279489 50
695281400 50
704295443 50
713352816 50
722444797 50
742048849 50
750160369 50
759193440 50
768345847 50
777374609 50
786543772 50
795500375 50
804555246 50
813534578 50
822519731 50
843523073 60
853017158 60
872464627 60
881815873 60
892381657 60
902843631 60
913170192 60
933082172 60
942574582 60
953190822 60
963582125 60
973880863 60
993522573 60
1002848487 60
1022471303 60
1031955967 60
1042186724 60
1052440577 60
1062720494 60
1082369309 60
1091582285 60
1101850888 60
1112323251 60
1133348715 60
1142869007 60
1153654898 60
1163935905 60
1184962423 60
1194396353 60
1204755531 60
1215247867 60
1236010385 60
1245498704 60
1256142760 60
1266574356 60
1286795198 60
1296379865 60
1306722091 60
1317028877 60
1337734196 60
1347183437 60
1357544913 60
1367873177 60
1388523410 60
1398172957 60
1408885855 60
1419223989 60
1429509464 60
1448878193 60
1458227352 60
1468561645 60
1489569309 60
1499211744 60
1509662292 60
1520190865 60
1540437552 60
1550042438 60
1560412831 60
1580422622 60
1589770311 60
1600329383 60
1610679311 60
1631328163 60
1640801743 60
1651140666 60
1661876357 60
1682653911 60
1691957282 60
1702297012 60
1712543115 60
1733219717 60
1742797129 60
1753051963 60
1763367662 60
1783953512 60
1793249492 60
1803618923 60
1813884505 60
1824139420 60
1843760693 60
1853104122 60
1872866222 60
1882446942 60
1892744214 60
1903136575 60
1913497072 60
1933105194 60
1942377004 60
1952666341 60
1962959253 60
1973497697 60
1992631609 60
2002100233 60
2021992453 60
2031726232 60
2042264522 60
2052714682 60
2073864373 60
2083229433 60
2093502880 60
2116592838 70
2127513188 70
2139462668 70
2160682979 70
2172055159 70
2194217267 70
2205049553 70
2216722413 70
2228465048 70
2248904573 70
2259794388 70
2280818493 70
2291255678 70
2303070582 70
2324271003 70
2335092553 70
2346632208 70
2367618519 70
2378364067 70
2390121968 70
2411161459 70
2421722947 70
2433254470 70
2452815547 70
2473803456 70
2484211678 70
2495905269 70
2516986761 70
2527880242 70
2539664185 70
2560400554 70
2571072331 70
2593457022 70
2604412052 70
2616225257 70
2628008161 70
2647602409 70
2658388974 70
2669899954 70
2690827418 70
2701611054 70
2722573921 70
2733231523 70
2744943019 70
2765940327 70
2776729134 70
2788371207 70
2809015287 70
2819578583 70
2831404551 70
2851687022 70
2872798822 70
2883621426 70
2895186774 70
2915570057 70
2926246331 70
2937791299 70
2958850866 70
2969776425 70
2981345619 70
3001826863 70
3023354499 70
3034105100 70
3045768582 70
3066931691 70
3077425559 70
3089215139 70
3111655441 70
3122327081 70
3134090007 70
3153784144 70
3172109489 70
3183006917 70
3194730737 70
3214627801 70
3225303242 70
3237245280 70
3257616462 70
3268330059 70
3279923412 70
3299584104 70
3310513260 70
3331782506 70
3342388482 70
3354083280 70
3374227467 70
3384880013 70
3396683231 70
3417073892 70
3427831846 70
3439553737 70
3459454373 70
3470243055 70
3482004459 70
3501352115 70
3522309122 70
3532876574 70
3544399353 70
3565482215 70
3576131545 70
3599654030 80
3611456000 80
3631897626 80
3643976050 80
3666324008 80
3677903233 80
3700610890 80
3721697804 80
3733353662 80
3756223945 80
3768250438 80
3789769563 80
3801814016 80
3824096938 80
3836025949 80
3858728269 80
3870455454 80
3892623465 80
3904403737 80
3917655097 80
3940896772 80
3952991386 80
3966428795 80
3989896535 80
4002097030 80
4023235859 80
4034909406 80
4056735291 80
4068715457 80
4089108229 80
4100652827 80
4122517297 80
4134460423 80
4156521081 80
4168737022 80
4190032931 80
4202387452 80
4223943246 80
4235908051 80
4258375662 80
4270226439 80
4292395127 80
9344791 80
29283176 80
41192000 80
63718448 80
75762711 80
97115079 80
108776136 80
128885566 80
140611449 80
162964979 80
174672955 80
196752416 80
208884639 80
228477931 80
240495518 80
262939211 80
274635665 80
296614079 80
308349435 80
328310885 80
340182073 80
362926277 80
375028797 80
396354410 80
409003591 80
422307465 80
445125920 80
457224323 80
479551668 80
491358735 80
513715203 80
525575626 80
547612696 80
559613649 80
572969126 80
595783696 80
607444587 80
627651659 80
639430181 80
662151387 80
674127156 80
696352463 80
708441219 80
728197696 80
740092343 80
762508896 80
774643554 80
796082770 80
807925080 80
827558831 80
839055105 80
862161549 80
874029081 80
895782437 80
907582844 80
927653537 80
939459316 80
961753866 80
986990124 90
1000229869 90
1021079679 90
1033965506 90
1055561812 90
1079649579 90
1092543307 90
1114171034 90
1127780846 90
1142493662 90
1165868738 90
1178851761 90
1199723417 90
1212630087 90
1237370609 90
1250413279 90
1271454366 90
1284697936 90
1306151061 90
1327606832 90
1341068279 90
1362352187 90
1375637492 90
1396221771 90
1409190569 90
1424504187 90
1438967125 90
1461748218 90
1474791629 90
1496051746 90
1508947075 90
1523857689 90
1544321139 90
1557740272 90
1578446595 90
1591646644 90
1613080847 90
1626083373 90
1647647158 90
1660625667 90
1674917522 90
1696201843 90
1709252333 90
1724152485 90
1739025940 90
1761432798 90
1774950451 90
1795699109 90
1808867135 90
1823262107 90
1844598905 90
1857764435 90
1878234837 90
1891648056 90
1906595468 90
1928203376 90
1941838512 90
1962480114 90
1975940862 90
1996706913 90
2010283976 90
2024672187 90
2045219665 90
2058326887 90
2079690306 90
2092922363 90
2114266691 90
2127495572 90
2148818817 90
2161793063 90
2186318791 90
2199450783 90
2220818117 90
2234404418 90
2255202703 90
2279172586 90
2292145249 90
2313202511 90
2326300625 90
2347133902 90
2360632895 90
2375465576 90
2389774038 90
2411768017 90
2424974068 90
2439610318 90
2462130357 90
2475378974 90
2495817801 90
2509094989 90
2523423974 90
2545043619 90
2558172787 90
2579644974 90
2593167907 90
2613941782 90
2626964675 90
2648342209 90
2661749730 90
2685382169 90
