858013023 1
870960166 1
873206414 1
875454125 1
877709093 1
879970326 1
882220162 1
884466709 1
886722341 1
888962041 1
891212686 1
893451060 1
906418522 1
908695005 1
910952939 1
913202063 1
915458848 1
917705945 1
919970556 1
922223699 1
924472749 1
926726489 1
928984613 1
931246281 1
933505211 1
935761960 1
948225020 1
950465467 1
952728949 1
954986936 1
957244685 1
959510755 1
961762547 1
964009822 1
966268959 1
968533904 1
970799900 1
973058982 1
975330189 1
977591454 1
979853301 1
982113712 1
984381711 1
986637993 1
988905187 1
991162445 1
993432102 1
995680617 1
997955299 1
1010672921 1
1012933618 1
1015192529 1
1017443323 1
1019696701 1
1021947164 1
1024198722 1
1026445231 1
1028697606 1
1030953769 1
1033209308 1
1035482442 1
1037734660 1
1040002605 1
1042255868 1
1044514825 1
1046764298 1
1049028230 1
1051271438 1
1053535103 1
1055797874 1
1058059760 1
1060317657 1
1062592641 1
1064843632 1
1067114644 1
1069374494 1
1071624443 1
1073887070 1
1076132644 1
1088765379 1
1091025969 1
1093277086 1
1095531705 1
1097803703 1
1100066588 1
1102320759 1
1104574715 1
1106816166 1
1109065240 1
1111317939 1
1113579311 1
1115832724 1
1118079433 1
1120334237 1
1122593602 1
1124859823 1
1127117969 1
1129369140 1
1131623705 1
1133876929 1
1136514444 10
1140083685 10
1154101564 10
1157667007 10
1170966459 10
1174536472 10
1178127113 10
1181692668 10
1185262339 10
1188822983 10
1192395487 10
1195945921 10
1199500284 10
1203046956 10
1206604054 10
1210154299 10
1224138864 10
1227710767 10
1231268602 10
1234857259 10
1238454426 10
1242016861 10
1245582581 10
1249166593 10
1252743599 10
1256329926 10
1259893808 10
1263469810 10
1277202373 10
1280795985 10
1284367441 10
1287943031 10
1291519326 10
1295087020 10
1298665129 10
1302237631 10
1305841763 10
1309389021 10
1322469357 10
1326041605 10
1329626611 10
1333192504 10
1336758073 10
1340299149 10
1343846087 10
1347432881 10
1350990626 10
1354561194 10
1367868565 10
1371428787 10
1374994052 10
1378561390 10
1382128507 10
1385696028 10
1389256512 10
1392829985 10
1396392831 10
1399945226 10
1413024314 10
1416602524 10
1420171050 10
1423734157 10
1427331881 10
1430874286 10
1434456443 10
1438004020 10
1441582873 10
1445136810 10
1458663847 10
1462241544 10
1465813419 10
1469381169 10
1472929100 10
1476468313 10
1480029775 10
1483580684 10
1487156057 10
1500473043 10
1504059773 10
1507611660 10
1511174479 10
1514746431 10
1527649023 10
1531214821 10
1534782590 10
1538337429 10
1541917745 10
1545486647 10
1549060585 10
1552615045 10
1556207897 10
1559770343 10
1573293585 10
1576861881 10
1580429264 10
1584004544 10
1587572077 10
1591139730 10
1594733236 10
1598305441 10
1602395837 20
1607307505 20
1612219247 20
1617136999 20
1622088482 20
1636073721 20
1640993187 20
1645884931 20
1650781079 20
1655698429 20
1660629637 20
1665585531 20
1670516293 20
1684638931 20
1689561227 20
1694464331 20
1699378620 20
1704284493 20
1718924449 20
1723845760 20
1728784709 20
1733688661 20
1738594227 20
1753254937 20
1758175569 20
1763075344 20
1768005855 20
1772905328 20
1787701026 20
1792621119 20
1797535195 20
1802420612 20
1816548561 20
1821451485 20
1826348237 20
1831276091 20
1836242761 20
1850451820 20
1855373830 20
1860318794 20
1865206761 20
1870556968 20
1885433872 20
1890355873 20
1895265575 20
1900182219 20
1905084642 20
1910002073 20
1914900614 20
1919860575 20
1934018543 20
1938930869 20
1943839778 20
1948738481 20
1953634683 20
1968487711 20
1973430253 20
1978336287 20
1983225332 20
1988131353 20
2002556318 20
2007510724 20
2012422453 20
2017324680 20
2022243309 20
2036727371 20
2041633676 20
2046516117 20
2051431205 20
2056373056 20
2061258435 20
2076150480 20
2081077540 20
2085968715 20
2090911436 20
2095837781 20
2110283679 20
2115209927 20
2120129390 20
2125076861 20
2129993026 20
2144657267 20
2149581277 20
2154470685 20
2168424095 20
2173338389 20
2178304387 20
2183205170 20
2188141876 20
2202974025 20
2207883973 20
2212824050 20
2217738360 20
2222696067 20
2236899121 20
2241816387 20
2246731681 20
2251645653 20
2256596881 20
2261501275 20
2267046011 30
2273371953 30
2279683021 30
2286082393 30
2302293576 30
2308659383 30
2315004333 30
2321279675 30
2336450441 30
2342813767 30
2349188859 30
2355461449 30
2361763234 30
2377099800 30
2383444644 30
2389791617 30
2396113650 30
2410945804 30
2417249411 30
2423522723 30
2429847488 30
2444943135 30
2451261371 30
2457615439 30
2463905193 30
2470199624 30
2486423207 30
2492725464 30
2499022860 30
2505279960 30
2511588201 30
2526474985 30
2532838221 30
2539132183 30
2545439048 30
2560772511 30
2567115801 30
2573403961 30
2579701277 30
2595361955 30
2601657263 30
2607964297 30
2614258282 30
2620568803 30
2636334141 30
2642670429 30
2649014963 30
2655314027 30
2661585447 30
2676446386 30
2682747520 30
2689040483 30
2695321070 30
2710615944 30
2716942685 30
2723249170 30
2729578520 30
2744753237 30
2751059095 30
2757373521 30
2763697887 30
2770038244 30
2785838809 30
2792179450 30
2798564455 30
2804881407 30
2811227540 30
2817575604 30
2823896634 30
2830289610 30
2836634342 30
2851565964 30
2857922995 30
2864232629 30
2870503039 30
2886078896 30
2892452651 30
2898824987 30
2905148576 30
2911439530 30
2917729208 30
2933972633 30
2940334729 30
2946725010 30
2953021676 30
2968331097 30
2974723745 30
2981030002 30
2987320583 30
3002657789 30
3008964577 30
3015263741 30
3021650559 30
3036512512 30
3042833988 30
3049196212 30
3055505290 30
3061804515 30
3076683487 30
3083008097 30
3090058380 40
3097846737 40
3105566833 40
3113219090 40
3120884511 40
3128509899 40
3144531473 40
3152193748 40
3168356864 40
3176015295 40
3183626528 40
3191247503 40
3198949684 40
3206674925 40
3214299478 40
3221896603 40
3229569093 40
3237277082 40
3253023911 40
3269891357 40
3277581247 40
3285230052 40
3292855787 40
3300461809 40
3308128295 40
3315720888 40
3323414346 40
3331037527 40
3346828452 40
3354520550 40
3362136252 40
3369781235 40
3377448584 40
3385099620 40
3401152805 40
3408782621 40
3416395239 40
3424015621 40
3431621005 40
3439235040 40
3446912312 40
3454504342 40
3470042531 40
3477729564 40
3485337361 40
3493070001 40
3500740058 40
3508428159 40
3516047348 40
3523843230 40
3531451050 40
3547133133 40
3554796039 40
3562556973 40
3570219839 40
3577993743 40
3585644193 40
3601643309 40
3618579126 40
3626262316 40
3633921587 40
3641586993 40
3649229566 40
3656876737 40
3664561793 40
3672202573 40
3679892639 40
3695176231 40
3702821951 40
3718826245 40
3726440783 40
3734126391 40
3741764029 40
3749380592 40
3756975932 40
3764650896 40
3772266444 40
3780005699 40
3787636359 40
3803381798 40
3820469321 40
3828135965 40
3835796721 40
3843477319 40
3851125827 40
3858712031 40
3866346491 40
3873985508 40
3881622185 40
3889341429 40
3906166319 40
3922388638 40
3930077827 40
3937737219 40
3945448213 40
3953094316 40
3960733197 40
3968470674 40
3976126238 40
3983785588 40
4000208419 50
4017669106 50
4026781371 50
4035726839 50
4051900800 50
4068942835 50
4077921881 50
4086945943 50
4103418189 50
4120541570 50
4129599501 50
4138674677 50
4154689098 50
4171300170 50
4180287811 50
4189298961 50
4206245449 50
4222768572 50
4231739375 50
4240705385 50
4257816986 50
4274269718 50
4283263946 50
4292218213 50
13834416 50
22932310 50
31971324 50
48208500 50
57187301 50
74562722 50
83562019 50
92559697 50
108513069 50
126085667 50
135143430 50
144107500 50
153149220 50
162232265 50
171330477 50
180477020 50
189498593 50
198491887 50
207596118 50
226509326 50
235644476 50
244663303 50
261392867 50
278032325 50
287060703 50
295977709 50
313336045 50
329901576 50
338889784 50
347913490 50
364328221 50
373320783 50
382296654 50
398729052 50
407752518 50
416929585 50
425882618 50
434985616 50
444027995 50
453109435 50
462136634 50
471238070 50
490056242 50
499063085 50
508005842 50
524188394 50
533201157 50
542448756 50
551536217 50
560528814 50
569557353 50
578608801 50
587610123 50
596552938 50
605640030 50
614717467 50
623701716 50
642966354 50
651986131 50
660960334 50
669960289 50
678922191 50
688088752 50
697087004 50
706105559 50
715155377 50
724250039 50
742961990 50
751974919 50
761002022 50
770148795 50
779179166 50
788349147 50
797313582 50
806368270 50
815345911 50
825323894 60
844523564 60
854949972 60
873342924 60
883742352 60
894314425 60
904767223 60
915095532 60
934156411 60
944512955 60
955117982 60
965505902 60
975810889 60
994516423 60
1004782608 60
1023511030 60
1033883106 60
1044119512 60
1054373333 60
1064644701 60
1083245622 60
1093515935 60
1103786647 60
1114237024 60
1134330103 60
1145243752 60
1155579692 60
1165855519 60
1186011991 60
1196324002 60
1206674784 60
1217171338 60
1237081607 60
1247436927 60
1258084682 60
1268503380 60
1287771854 60
1298311932 60
1308650918 60
1318963250 60
1338701706 60
1349113882 60
1359476419 60
1369815828 60
1389400741 60
1400124417 60
1410808520 60
1421150051 60
1431434683 60
1449861917 60
1460150924 60
1470499967 60
1490467971 60
1501151085 60
1511581413 60
1522123109 60
1541495907 60
1551973891 60
1562329060 60
1581365423 60
1591704335 60
1602257166 60
1612612321 60
1632390407 60
1642738218 60
1653506834 60
1663809876 60
1683543102 60
1693881347 60
1704224270 60
1714471691 60
1734273876 60
1744720993 60
1754972591 60
1765282181 60
1784855542 60
1795193683 60
1805554838 60
1815804403 60
1826072885 60
1844724972 60
1855033251 60
1873954735 60
1884377434 60
1894668862 60
1905057971 60
1915421353 60
1933990410 60
1944303109 60
1954597600 60
1964880744 60
1975420734 60
1993722672 60
2004033200 60
2023044067 60
2033656282 60
2044189869 60
2054636443 60
2074915671 60
2085156929 60
2096546927 70
2117632517 70
2129570399 70
2141533575 70
2162275750 70
2174150963 70
2195316309 70
2207102978 70
2218765567 70
2230519341 70
2249937743 70
2261858171 70
2281785729 70
2293365557 70
2305178627 70
2325320913 70
2337181682 70
2348692589 70
2368583682 70
2380415563 70
2392157289 70
2412167265 70
2423777631 70
2435296983 70
2453767891 70
2474754294 70
2486283595 70
2497956005 70
2518061499 70
2529925509 70
2541718206 70
2561344437 70
2573150978 70
2594518375 70
2606469076 70
2618281023 70
2630054056 70
2648645534 70
2660449749 70
2672394139 70
2691741543 70
2703710390 70
2723493538 70
2735283435 70
2747028579 70
2767016260 70
2778801032 70
2790472581 70
2810050149 70
2821669994 70
2833470205 70
2852671740 70
2873724184 70
2885677479 70
2897262727 70
2916585557 70
2928328619 70
2939845972 70
2959905387 70
2971843867 70
2983388773 70
3002807986 70
3024332170 70
3036192945 70
3047835966 70
3067873132 70
3079473088 70
3091285275 70
3112609673 70
3124376860 70
3136136179 70
3154882747 70
3173575528 70
3185070839 70
3196769809 70
3215593953 70
3227403523 70
3239315355 70
3258706106 70
3270410698 70
3281987543 70
3300617157 70
3312600809 70
3332766785 70
3344471644 70
3356175754 70
3375299362 70
3386964735 70
3398780206 70
3418100334 70
3429916788 70
3441656361 70
3460515841 70
3472316017 70
3484058185 70
3502365145 70
3523268386 70
3534960162 70
3546477735 70
3566492781 70
3579418492 80
3600605183 80
3613696024 80
3632902676 80
3646198891 80
3667219246 80
3680547572 80
3701638739 80
3722592225 80
3735582042 80
3757275400 80
3770476676 80
3790830976 80
3804044779 80
3825180675 80
3838242482 80
3859736465 80
3872680818 80
3893633576 80
3906624505 80
3919873628 80
3941984166 80
3955217143 80
3968656706 80
3990968704 80
4004328982 80
4024217442 80
4037142473 80
4057830270 80
4070939055 80
4090001931 80
4102872867 80
4123479755 80
4136695968 80
4157607712 80
4170964907 80
4191442437 80
4204615754 80
4224856553 80
4238139462 80
4259360815 80
4272455615 80
4293294875 80
11579358 80
30318020 80
43431364 80
64712017 80
77995945 80
98014202 80
111000824 80
129880177 80
142829136 80
164033543 80
176909168 80
197806454 80
211108547 80
229519675 80
242730904 80
264025513 80
276867949 80
297697102 80
310580058 80
329251594 80
342412826 80
363949335 80
377248289 80
398027374 80
411242135 80
424520485 80
446156890 80
459443525 80
480516286 80
493577627 80
514666115 80
527803041 80
548633838 80
561837754 80
575193890 80
596741672 80
609676830 80
628517838 80
641650655 80
663071916 80
676356228 80
697403374 80
710677995 80
729082115 80
742324029 80
763564213 80
776873549 80
796972197 80
810156137 80
828434338 80
841283271 80
863248307 80
876260428 80
896780093 80
909821729 80
928562467 80
941692165 80
964197591 90
988009859 90
1002577694 90
1021967861 90
1036320274 90
1056452058 90
1080553645 90
1094899611 90
1115272533 90
1130126998 90
1144838627 90
1166744281 90
1181197213 90
1200614945 90
1214972643 90
1238375254 90
1252752994 90
1272487196 90
1287047470 90
1307064321 90
1328586524 90
1343410787 90
1363337239 90
1377982036 90
1397184912 90
1412013836 90
1426843368 90
1441303997 90
1462758360 90
1477141246 90
1496967027 90
1511291995 90
1526191205 90
1545389015 90
1560088486 90
1579317642 90
1593988621 90
1614093849 90
1628424590 90
1648595107 90
1662976451 90
1677250105 90
1697238244 90
1711600338 90
1726491992 90
1741358623 90
1762507055 90
1777297166 90
1796703377 90
1811212345 90
1825598371 90
1845612147 90
1860107919 90
1879176595 90
1894007059 90
1908931247 90
1929768776 90
1944186118 90
1963426571 90
1978279211 90
1997734068 90
2012627883 90
2027014755 90
2046304156 90
2060673423 90
2080616925 90
2095265459 90
2115271932 90
2129837524 90
2149749673 90
2164139581 90
2187347869 90
2201803037 90
2221918832 90
2236749365 90
2256173077 90
2280133198 90
2294492618 90
2314284425 90
2328650048 90
2348065064 90
2362986583 90
2377805597 90
2392098447 90
2412843580 90
2427316573 90
2442375465 90
2463184705 90
2477724669 90
2496722055 90
2511450639 90
2525763849 90
2546025722 90
2560502187 90
2580674204 90
2595523326 90
2614941469 90
2629314657 90
2649412643 90
2664091224 90
