                      Time  Image Size
Stage     Index                       
boot_time 0       38.04826           1
          1       36.55061           1
          2       36.52689           1
          3       36.59294           1
          4       36.59698           1
          5       36.40020           1
          6       36.61892           1
          7       36.50221           1
          8       36.64051           1
          9       36.50822           1
          10      36.51287           1
          11      36.46659           1
          12      36.51926           1
          13      36.60201           1
          14      36.51721           1
          15      36.50813           1
          16      36.68060           1
          17      36.52227           1
          18      36.43790           1
          19      36.46078           1
          20      36.51941           1
          21      36.50846           1
          22      36.43796           1
          23      36.43195           1
          24      36.62235           1
          25      38.15970           1
          26      36.66818           1
          27      36.45041           1
          28      36.54057           1
          29      36.41875           1
          30      36.51457           1
          31      36.42772           1
          32      36.47267           1
          33      36.52065           1
          34      36.44812           1
          35      38.16612           1
          36      38.20042           1
          37     121.61163           1
          38      86.15132           1
          39     131.29355           1
          40      97.58072           1
          41     126.00413           1
          42      89.79065           1
          43      36.46964           1
          44      38.12806           1
          45      36.41899           1
          46      36.44541           1
          47      36.48950           1
          48      36.43473           1
          49      36.46556           1
          50      36.51919           1
          51      36.41831           1
          52      36.61023           1
          53      36.42424           1
          54      36.38370           1
          55      36.45315           1
          56     128.23956           1
          57      36.49266           1
          58      36.51513           1
          59      36.47965           1
          60      36.47772           1
          61      36.45284           1
          62      36.48709           1
          63      36.52803           1
          64      36.47948           1
          65      36.45617           1
          66      36.52118           1
          67      36.47582           1
          68      36.44472           1
          69      36.45000           1
          70      36.50335           1
          71      38.40886           1
          72      36.53776           1
          73      36.65504           1
          74      36.47120           1
          75      36.57760           1
          76      36.48839           1
          77      36.56924           1
          78      36.52251           1
          79      36.55939           1
          80      36.57016           1
          81      36.44055           1
          82     129.45968           1
          83      88.44631           1
          84     129.84006           1
          85      82.93835           1
          86      36.44261           1
          87      36.72715           1
          88      36.50044           1
          89      36.48401           1
          90      36.52708           1
          91      36.57037           1
          92      36.54561           1
          93      36.49101           1
          94      36.49139           1
          95      36.50521           1
          96      36.55686           1
          97      36.48122           1
          98      36.46138           1
          99      36.48590           1
          100     50.04603          10
          101     48.13306          10
          102     48.07658          10
          103    140.18474          10
          104    101.79568          10
          105    132.70250          10
          106     47.85499          10
          107     48.10832          10
          108     50.23577          10
          109     49.87055          10
          110    138.23065          10
          111     48.19351          10
          112     50.04563          10
          113     48.00549          10
          114     48.22388          10
          115    136.43602          10
          116     87.97412          10
          117     48.17435          10
          118     48.24124          10
          119     47.88799          10
          120     48.32963          10
          121     48.23610          10
          122    128.27093          10
          123     48.57148          10
          124    130.69355          10
          125    141.48448          10
          126     92.91112          10
          127    127.11239          10
          128     90.45991          10
          129     48.07192          10
          130     47.96563          10
          131     48.22643          10
          132     47.97641          10
          133    128.82530          10
          134     87.16765          10
          135     48.28970          10
          136     48.38697          10
          137     48.23855          10
          138    141.28781          10
          139    100.63247          10
          140     48.04789          10
          141     48.31936          10
          142     48.06816          10
          143    126.76818          10
          144     48.55895          10
          145    137.47243          10
          146     48.21706          10
          147    141.64945          10
          148     93.34168          10
          149     48.31361          10
          150     48.28209          10
          151     48.17461          10
          152    142.63591          10
          153     48.43436          10
          154     48.28616          10
          155    138.32091          10
          156     95.65099          10
          157     50.01371          10
          158     48.30644          10
          159    134.58802          10
          160    140.72758          10
          161     49.95154          10
          162     48.14887          10
          163     48.29621          10
          164    138.78856          10
          165     97.44214          10
          166    128.27271          10
          167     92.71039          10
          168     48.21784          10
          169     48.40109          10
          170     48.12736          10
          171    133.33560          10
          172     48.36921          10
          173    131.36456          10
          174     85.25841          10
          175     48.12373          10
          176     48.05856          10
          177     47.93197          10
          178    130.65820          10
          179     48.10746          10
          180     48.08387          10
          181    128.87680          10
          182     91.86212          10
          183    133.14525          10
          184     95.13862          10
          185    130.49254          10
          186     88.95173          10
          187     48.23828          10
          188     48.14274          10
          189     48.24640          10
          190    139.23783          10
          191     98.22353          10
          192     48.34084          10
          193     48.39632          10
          194     48.01773          10
          195     48.25139          10
          196     48.10214          10
          197     48.28450          10
          198     48.22419          10
          199    138.47683          10
          200     99.20176          20
          201     60.57724          20
          202     59.89198          20
          203    132.66481          20
          204     59.85449          20
          205     60.03957          20
          206     60.27072          20
          207    137.75482          20
          208    151.58232          20
          209     60.41586          20
          210    138.36471          20
          211    153.20819          20
          212     97.15242          20
          213     60.41641          20
          214     60.04231          20
          215     59.93803          20
          216     60.10813          20
          217    155.25212          20
          218    103.94078          20
          219     60.06154          20
          220     60.51027          20
          221    134.05834          20
          222    156.40033          20
          223     98.35044          20
          224     60.39798          20
          225     59.99059          20
          226    139.73227          20
          227     60.36047          20
          228    132.07714          20
          229    145.67173          20
          230     59.92305          20
          231    142.21472          20
          232    145.33407          20
          233    155.20047          20
          234    102.79956          20
          235     59.73373          20
          236     60.25307          20
          237    132.64749          20
          238     60.15125          20
          239     59.99355          20
          240     60.16427          20
          241     60.38345          20
          242     60.06219          20
          243    135.56979          20
          244    144.58115          20
          245    149.86343          20
          246    154.92763          20
          247    107.02021          20
          248     60.30638          20
          249     59.80121          20
          250    134.18758          20
          251     59.87256          20
          252     60.01456          20
          253     60.39089          20
          254    136.85806          20
          255    148.82993          20
          256     60.20622          20
          257     60.06670          20
          258    154.71038          20
          259     59.93426          20
          260     59.77254          20
          261     59.93101          20
          262     60.22373          20
          263     60.44833          20
          264    151.23188          20
          265     60.22570          20
          266    132.62922          20
          267    147.48079          20
          268     60.05142          20
          269     60.36750          20
          270     60.16301          20
          271     60.12014          20
          272     59.88291          20
          273    139.78372          20
          274     60.06591          20
          275    141.45150          20
          276     59.74573          20
          277     59.86174          20
          278     60.28606          20
          279     59.79911          20
          280    152.55069          20
          281     60.02403          20
          282     59.96029          20
          283     60.08923          20
          284    140.93228          20
          285     59.89438          20
          286    132.58611          20
          287    145.47226          20
          288     60.02212          20
          289    138.29381          20
          290     60.48950          20
          291     60.10276          20
          292     62.05995          20
          293     59.92602          20
          294     60.16389          20
          295    152.40422          20
          296     60.21704          20
          297     59.96642          20
          298     60.05246          20
          299    137.35089          20
          300     72.11222          30
          301    146.42565          30
          302     72.04203          30
          303     74.58195          30
          304    157.73423          30
          305    167.86347          30
          306    160.40473          30
          307    153.02572          30
          308    159.65469          30
          309    161.40279          30
          310    162.07866          30
          311    162.64386          30
          312    161.20036          30
          313    165.85142          30
          314     72.31620          30
          315     72.14856          30
          316     72.10398          30
          317     74.32617          30
          318     73.95473          30
          319    162.92366          30
          320     71.99484          30
          321     71.89740          30
          322     72.78981          30
          323    160.60370          30
          324    160.24499          30
          325    164.78925          30
          326    166.78098          30
          327    148.57991          30
          328    153.34668          30
          329    156.61730          30
          330    150.00963          30
          331    156.69414          30
          332    163.74342          30
          333     72.91351          30
          334     72.24390          30
          335    163.44519          30
          336    160.92477          30
          337    139.59682          30
          338     73.02515          30
          339    146.08247          30
          340     74.38915          30
          341    140.48704          30
          342    139.90325          30
          343     72.96506          30
          344     73.01183          30
          345    139.70610          30
          346     72.31309          30
          347    157.04031          30
          348    158.01693          30
          349    152.03712          30
          350    147.64225          30
          351    145.85913          30
          352    160.37538          30
          353    157.10501          30
          354    150.00913          30
          355    148.29566          30
          356    138.28764          30
          357     71.90641          30
          358    163.37202          30
          359    165.69295          30
          360     72.37131          30
          361     72.67271          30
          362    164.82054          30
          363    166.11850          30
          364    155.91355          30
          365    151.71305          30
          366    154.01517          30
          367    157.58949          30
          368    142.71299          30
          369    139.26358          30
          370     72.28215          30
          371    162.31115          30
          372    167.24143          30
          373    162.12433          30
          374    161.98016          30
          375    162.99456          30
          376    164.24904          30
          377     72.21208          30
          378     72.61175          30
          379     73.94976          30
          380    160.52476          30
          381    155.53627          30
          382    152.42084          30
          383    147.62581          30
          384    149.67950          30
          385    141.31864          30
          386    141.12422          30
          387     73.83515          30
          388    145.41213          30
          389    157.63604          30
          390    160.70994          30
          391     72.27812          30
          392     72.25009          30
          393    143.34901          30
          394     72.43351          30
          395     72.28834          30
          396    152.23777          30
          397    150.68781          30
          398     72.57649          30
          399     71.94391          30
          400    156.21393          40
          401     84.09130          40
          402     85.15918          40
          403     85.23258          40
          404     84.90213          40
          405    158.57917          40
          406     84.53991          40
          407    159.95901          40
          408     84.19809          40
          409    154.38189          40
          410     84.69581          40
          411     85.49741          40
          412    158.32541          40
          413     83.95037          40
          414     85.46862          40
          415     84.18673          40
          416     84.82051          40
          417    151.84789          40
          418     84.25412          40
          419    158.20336          40
          420     84.54053          40
          421    154.93351          40
          422     84.46264          40
          423    153.68278          40
          424     84.22333          40
          425    155.01044          40
          426     84.66295          40
          427    165.24827          40
          428    158.58677          40
          429    151.30510          40
          430     84.53056          40
          431    154.44308          40
          432    148.94804          40
          433     83.94200          40
          434    150.79484          40
          435    180.59133          40
          436    167.82787          40
          437    160.10890          40
          438     85.38455          40
          439    157.19924          40
          440     85.52858          40
          441    160.00947          40
          442     84.73185          40
          443     84.38084          40
          444    157.09839          40
          445    149.07490          40
          446     84.38715          40
          447    156.51692          40
          448     84.76823          40
          449    151.78457          40
          450     84.32603          40
          451     84.61741          40
          452    152.89637          40
          453     84.56241          40
          454     85.97904          40
          455     84.23759          40
          456     84.52679          40
          457     84.54647          40
          458    146.34355          40
          459     84.35840          40
          460     84.09162          40
          461     85.27423          40
          462    157.63944          40
          463    150.33187          40
          464     84.42647          40
          465    158.42701          40
          466     84.81190          40
          467    152.74449          40
          468     84.31351          40
          469    157.59145          40
          470     84.81259          40
          471    165.10887          40
          472     84.39194          40
          473    158.63863          40
          474     84.71645          40
          475     85.74914          40
          476    152.81328          40
          477     85.59384          40
          478    168.41468          40
          479    152.53310          40
          480     84.80176          40
          481    163.70912          40
          482     85.16566          40
          483    152.03394          40
          484     84.39948          40
          485     84.76162          40
          486    154.94470          40
          487     85.21834          40
          488    155.61554          40
          489     84.82424          40
          490    154.71243          40
          491     84.45680          40
          492     84.47094          40
          493     85.01109          40
          494    147.57847          40
          495     85.10006          40
          496     84.94001          40
          497    156.34730          40
          498     83.80795          40
          499     84.37152          40
          500    167.24145          50
          501     96.16388          50
          502     97.09037          50
          503     97.56005          50
          504     97.27322          50
          505     98.97472          50
          506     98.10287          50
          507    187.04521          50
          508     99.42751          50
          509     97.92632          50
          510     98.44156          50
          511     98.01309          50
          512    186.95385          50
          513    153.49546          50
          514     96.62205          50
          515     96.62093          50
          516     95.85835          50
          517     97.10647          50
          518     98.02623          50
          519    193.20366          50
          520    163.26361          50
          521     95.75063          50
          522     96.21396          50
          523     97.72083          50
          524    183.21369          50
          525     96.97067          50
          526     97.34552          50
          527     97.88260          50
          528    182.86896          50
          529    159.02890          50
          530     96.74064          50
          531     98.59677          50
          532     96.78256          50
          533     99.38572          50
          534     97.51427          50
          535     99.05990          50
          536     96.10011          50
          537     96.90512          50
          538    190.28715          50
          539    161.60197          50
          540     96.07279          50
          541     97.56432          50
          542     98.09789          50
          543     97.51564          50
          544     98.09206          50
          545     96.56926          50
          546     97.22697          50
          547     97.58884          50
          548     96.53217          50
          549     95.79976          50
          550     97.40681          50
          551     96.58258          50
          552     97.81106          50
          553    187.19287          50
          554     98.96948          50
          555    176.66587          50
          556     97.80795          50
          557    163.40842          50
          558    186.33034          50
          559     96.62776          50
          560     97.40365          50
          561     97.29416          50
          562     96.31542          50
          563     98.07182          50
          564     96.24526          50
          565     97.52505          50
          566     96.04216          50
          567    192.57129          50
          568     96.94068          50
          569     98.05026          50
          570     96.85311          50
          571     96.07926          50
          572     96.97432          50
          573    183.59425          50
          574     96.11224          50
          575     97.53629          50
          576     97.79938          50
          577     97.09371          50
          578     96.30300          50
          579     97.16893          50
          580    160.69479          50
          581     96.02525          50
          582     98.58701          50
          583    179.85320          50
          584     97.11119          50
          585     97.72344          50
          586     97.32198          50
          587     97.40123          50
          588     97.66668          50
          589    187.21916          50
          590     98.99798          50
          591     98.28944          50
          592     98.72529          50
          593     97.54305          50
          594    165.63094          50
          595     96.74211          50
          596    153.23349          50
          597     96.22125          50
          598    188.56117          50
          599     97.75012          50
          600    108.02056          60
          601    110.96526          60
          602    191.48080          60
          603    176.73831          60
          604    108.82408          60
          605    181.82428          60
          606    108.88920          60
          607    107.85470          60
          608    186.89175          60
          609    109.81591          60
          610    191.52704          60
          611    108.49653          60
          612    187.87622          60
          613    108.64004          60
          614    109.99584          60
          615    204.80690          60
          616    109.22232          60
          617    107.58854          60
          618    107.28565          60
          619    193.98026          60
          620    110.78765          60
          621    109.88085          60
          622    202.67748          60
          623    111.58911          60
          624    109.90589          60
          625    107.97969          60
          626    107.27950          60
          627    202.08670          60
          628    110.71037          60
          629    108.84842          60
          630    108.11947          60
          631    195.43858          60
          632    107.63516          60
          633    109.49142          60
          634    109.23029          60
          635    190.54552          60
          636    107.35842          60
          637    108.87563          60
          638    198.12365          60
          639    197.73304          60
          640    108.72290          60
          641    109.08673          60
          642    107.05396          60
          643    108.86304          60
          644    192.16680          60
          645    108.96900          60
          646    109.61711          60
          647    196.77708          60
          648    112.03998          60
          649    202.65413          60
          650    109.20648          60
          651    108.05185          60
          652    108.92269          60
          653    109.18228          60
          654    190.13713          60
          655    109.40282          60
          656    205.28816          60
          657    107.80375          60
          658    108.40474          60
          659    108.58224          60
          660    198.03087          60
          661    109.47648          60
          662    109.38446          60
          663    108.68193          60
          664    110.05230          60
          665    107.96744          60
          666    195.93883          60
          667    110.66309          60
          668    109.42284          60
          669    201.40426          60
          670    109.72388          60
          671    109.05973          60
          672    194.91993          60
          673    110.08330          60
          674    186.62809          60
          675    109.09452          60
          676    109.58432          60
          677    190.44752          60
          678    107.88018          60
          679    107.92466          60
          680    109.54692          60
          681    198.97875          60
          682    108.95469          60
          683    169.88889          60
          684    107.93021          60
          685    190.60780          60
          686    110.19200          60
          687    109.58195          60
          688    204.19418          60
          689    109.15467          60
          690    109.51079          60
          691    201.32440          60
          692    162.26012          60
          693    170.88402          60
          694    194.11492          60
          695    107.95787          60
          696    108.51899          60
          697    109.02222          60
          698    173.07674          60
          699    202.01070          60
          700    120.98475          70
          701    192.86057          70
          702    207.39979          70
          703    120.59411          70
          704    194.95256          70
          705    205.60927          70
          706    217.73618          70
          707    119.90100          70
          708    211.79476          70
          709    123.68200          70
          710    206.87184          70
          711    121.22971          70
          712    201.18576          70
          713    215.99684          70
          714    123.63737          70
          715    199.79311          70
          716    216.43983          70
          717    120.77329          70
          718    207.17004          70
          719    120.33677          70
          720    193.92107          70
          721    121.24937          70
          722    187.25791          70
          723    206.18368          70
          724    119.46983          70
          725    201.49563          70
          726    208.54063          70
          727    120.32000          70
          728    181.09148          70
          729    121.13416          70
          730    198.61243          70
          731    205.80974          70
          732    120.39776          70
          733    191.80531          70
          734    204.89955          70
          735    121.05714          70
          736    196.72158          70
          737    216.15306          70
          738    120.45603          70
          739    119.78947          70
          740    196.03598          70
          741    121.39408          70
          742    213.09698          70
          743    121.33142          70
          744    194.96617          70
          745    209.70751          70
          746    122.83367          70
          747    204.39224          70
          748    215.86293          70
          749    119.37535          70
          750    210.82318          70
          751    122.91749          70
          752    201.57645          70
          753    122.42212          70
          754    201.92915          70
          755    119.93711          70
          756    202.80830          70
          757    172.58321          70
          758    196.99924          70
          759    206.83535          70
          760    119.32546          70
          761    206.97450          70
          762    122.97363          70
          763    191.60214          70
          764    170.69259          70
          765    170.97333          70
          766    195.16601          70
          767    122.33087          70
          768    189.40702          70
          769    209.53718          70
          770    119.78761          70
          771    204.92741          70
          772    121.79927          70
          773    194.87878          70
          774    120.49185          70
          775    185.04640          70
          776    210.27737          70
          777    207.81734          70
          778    215.06103          70
          779    121.26169          70
          780    188.92730          70
          781    192.31281          70
          782    198.07575          70
          783    206.03786          70
          784    123.52127          70
          785    189.24971          70
          786    210.17298          70
          787    120.51077          70
          788    208.54785          70
          789    121.39919          70
          790    197.68494          70
          791    210.94025          70
          792    122.69204          70
          793    177.14510          70
          794    202.27870          70
          795    215.24925          70
          796    121.70873          70
          797    206.14092          70
          798    119.60527          70
          799    190.07557          70
          800    217.58194          80
          801    215.06508          80
          802    213.16063          80
          803    210.95304          80
          804    219.31427          80
          805    134.77197          80
          806    189.92021          80
          807    187.92976          80
          808    183.33787          80
          809    197.65242          80
          810    204.96180          80
          811    208.00737          80
          812    215.46722          80
          813    229.31010          80
          814    136.91026          80
          815    197.02620          80
          816    211.87326          80
          817    220.34191          80
          818    205.86004          80
          819    213.77806          80
          820    211.84003          80
          821    228.35854          80
          822    134.47022          80
          823    195.17657          80
          824    205.28954          80
          825    207.54647          80
          826    218.26605          80
          827    223.38433          80
          828    130.88528          80
          829    192.93910          80
          830    191.64472          80
          831    186.05490          80
          832    183.78538          80
          833    194.20477          80
          834    203.94398          80
          835    211.16604          80
          836    215.74754          80
          837    212.63400          80
          838    204.06333          80
          839    135.11657          80
          840    188.72908          80
          841    194.02644          80
          842    193.22028          80
          843    193.89678          80
          844    194.00929          80
          845    201.00433          80
          846    190.43531          80
          847    202.27771          80
          848    212.21650          80
          849    214.72394          80
          850    207.92775          80
          851    225.87189          80
          852    222.73386          80
          853    209.57669          80
          854    206.20418          80
          855    211.98561          80
          856    218.44713          80
          857    208.69602          80
          858    217.19153          80
          859    209.53985          80
          860    194.68134          80
          861    200.80162          80
          862    195.08397          80
          863    189.73087          80
          864    187.61440          80
          865    178.85280          80
          866    132.59535          80
          867    207.30394          80
          868    198.73496          80
          869    198.22884          80
          870    196.75766          80
          871    185.41963          80
          872    192.38234          80
          873    192.25211          80
          874    183.59640          80
          875    133.59180          80
          876    202.72597          80
          877    209.81955          80
          878    187.91121          80
          879    131.62235          80
          880    188.75317          80
          881    195.26790          80
          882    204.99114          80
          883    210.67072          80
          884    205.23179          80
          885    209.64979          80
          886    202.68668          80
          887    210.72684          80
          888    206.11593          80
          889    218.02169          80
          890    218.16819          80
          891    215.71325          80
          892    221.67671          80
          893    223.68227          80
          894    220.90131          80
          895    213.63360          80
          896    220.85172          80
          897    222.98923          80
          898    220.42724          80
          899    216.59906          80
          900    208.81401          90
          901    147.85492          90
          902    187.16721          90
          903    147.64827          90
          904    212.56862          90
          905    196.00102          90
          906    145.48488          90
          907    197.99970          90
          908    144.82338          90
          909    146.10376          90
          910    193.36629          90
          911    145.89411          90
          912    146.22317          90
          913    146.20002          90
          914    145.20194          90
          915    199.14582          90
          916    206.89441          90
          917    145.86840          90
          918    204.55467          90
          919    193.00226          90
          920    146.73169          90
          921    189.67209          90
          922    145.06964          90
          923    146.53673          90
          924    199.53555          90
          925    190.90946          90
          926    145.10017          90
          927    197.31404          90
          928    191.36177          90
          929    144.98373          90
          930    194.95452          90
          931    145.66739          90
          932    146.47557          90
          933    205.09429          90
          934    205.64988          90
          935    191.10143          90
          936    146.99676          90
          937    197.18025          90
          938    188.29747          90
          939    145.01038          90
          940    187.74645          90
          941    145.24757          90
          942    193.33990          90
          943    145.47118          90
          944    203.47637          90
          945    148.12743          90
          946    196.84110          90
          947    145.02879          90
          948    204.45385          90
          949    193.70347          90
          950    148.95483          90
          951    146.77041          90
          952    189.40549          90
          953    146.10871          90
          954    196.81086          90
          955    144.02445          90
          956    197.06684          90
          957    184.81286          90
          958    147.20529          90
          959    191.88089          90
          960    146.71130          90
          961    146.68105          90
          962    145.10408          90
          963    197.10329          90
          964    146.33187          90
          965    198.91184          90
          966    189.37541          90
          967    145.97167          90
          968    200.05367          90
          969    146.68820          90
          970    195.61061          90
          971    144.95944          90
          972    186.47890          90
          973    145.18520          90
          974    143.85012          90
          975    191.82591          90
          976    145.97010          90
          977    203.45707          90
          978    197.47139          90
          979    145.05713          90
          980    204.21818          90
          981    185.84710          90
          982    146.39245          90
          983    189.38640          90
          984    146.99112          90
          985    145.08940          90
          986    187.92893          90
          987    146.16949          90
          988    193.94686          90
          989    188.51421          90
          990    146.42261          90
          991    144.82972          90
          992    200.05504          90
          993    189.54518          90
          994    144.68234          90
          995    147.76436          90
          996    145.41943          90
          997    202.84388          90
          998    148.71017          90
          999    192.97514          90