3752537738 1
3802650739 1
3852737295 1
3902873622 1
3952056153 1
4002216250 1
4052674530 1
4103301945 1
4153810241 1
4204077897 1
4254586991 1
9210184 1
59104937 1
108967085 1
159105785 1
209167625 1
259361320 1
309304800 1
359276288 1
409332416 1
459104121 1
509677769 1
559355194 1
609290603 1
659452768 1
709552166 1
759243959 1
808928960 1
859044492 1
909031241 1
959142655 1
1009244411 1
1059263841 1
1110250813 1
1160502065 1
1210501160 1
1260274899 1
1310195671 1
1360288822 1
1410088629 1
1460086556 1
1509800362 1
1559700053 1
1609548678 1
1659562045 1
1709412551 1
1759439872 1
1809286503 1
1859817053 1
1909891968 1
1959872390 1
2009711441 1
2059901600 1
2110169535 1
2160434736 1
2210284985 1
2260216682 1
2310491443 1
2360735115 1
2410745378 1
2460745699 1
2510671310 1
2561395421 1
2611570809 1
2662125136 1
2712714033 1
2762848273 1
2812921059 1
2862635348 1
2912423961 1
2962144539 1
3019336081 1
3069398267 1
3119143079 1
3168676547 1
3218293280 1
3268412319 1
3318055500 1
3368041735 1
3417950605 1
3468067488 1
3518192539 1
3568253510 1
3618279393 1
3668699901 1
3718740353 1
3768840597 1
3818675087 1
3868407944 1
3918068765 1
3967965455 1
4018251993 1
4068052328 1
4118247391 1
4168040141 1
4217730611 1
4267738171 1
23109917 1
72862121 1
122725633 1
220295139 10
278358103 10
328649087 10
378794136 10
428498781 10
486102140 10
533645131 10
591245437 10
641632978 10
692123473 10
742035531 10
799817587 10
847768685 10
897849064 10
956021551 10
1003054252 10
1058258477 10
1112733106 10
1162995367 10
1212958540 10
1270667833 10
1320290791 10
1370007085 10
1427792377 10
1477516179 10
1527961834 10
1578319123 10
1635731585 10
1683364561 10
1740703185 10
1790584143 10
1840523321 10
1898409193 10
1948576729 10
1999317074 10
2050014935 10
2106218806 10
2153430535 10
2209056343 10
2259701002 10
2310040870 10
2368428106 10
2419103433 10
2469773859 10
2519724576 10
2577698415 10
2627528755 10
2677301881 10
2728086077 10
2785873168 10
2833084595 10
2890671984 10
2940802197 10
2990958907 10
3040916199 10
3098963890 10
3149738094 10
3200084824 10
3250459756 10
3306550179 10
3361336499 10
3411615809 10
3461833570 10
3511894669 10
3570033932 10
3620107381 10
3670348291 10
3728680917 10
3778708259 10
3828569415 10
3878381641 10
3936180091 10
3983381497 10
4040856574 10
4090914349 10
4141093215 10
4191096306 10
4249041347 10
4891991 10
55675863 10
111515629 10
158890031 10
214502691 10
261552413 10
316036230 10
373640440 10
423348473 10
472891092 10
530106852 10
580131222 10
630097957 10
680217936 10
737708707 10
787275369 10
837260453 10
895112382 10
948040050 10
995550343 10
1045473586 10
1103437963 10
1248907387 20
1296694799 20
1355373615 20
1405894211 20
1461810177 20
1516035870 20
1574325246 20
1631761437 20
1681781188 20
1739237039 20
1789018765 20
1847017770 20
1905099945 20
1955674561 20
2012333250 20
2066803456 20
2116570384 20
2175320765 20
2225407008 20
2283189925 20
2341070097 20
2396029490 20
2445772524 20
2504126653 20
2554755454 20
2613142521 20
2667743830 20
2717143765 20
2775135162 20
2832867106 20
2882453845 20
2941126755 20
2996338915 20
3047291052 20
3105128789 20
3156073731 20
3211465041 20
3266174088 20
3323837774 20
3373537176 20
3431310230 20
3488711209 20
3538773363 20
3596823436 20
3647127720 20
3704972274 20
3755650247 20
3814128675 20
3868754443 20
3919249746 20
3977708102 20
4028165073 20
4085962064 20
4143283550 20
4195708446 20
4248195015 20
10956279 20
61440348 20
116554021 20
172072280 20
229865853 20
279939536 20
337823357 20
395338313 20
445000437 20
503238977 20
553437236 20
608929166 20
667478876 20
722548887 20
772536281 20
829378515 20
879737084 20
937335633 20
995247859 20
1044810437 20
1102536147 20
1153532226 20
1208367709 20
1269268706 20
1323756501 20
1374143745 20
1431933896 20
1481812622 20
1539533633 20
1589308980 20
1647320395 20
1702420112 20
1760200691 20
1810382439 20
1868544301 20
1922706779 20
1972607371 20
2030551549 20
2080824597 20
2138023016 20
2195870143 20
2246118997 20
2301630952 20
2359800203 20
2551520721 30
2609717642 30
2660204761 30
2719258569 30
2774040556 30
2831681814 30
2888990750 30
2946882929 30
3001740992 30
3059281098 30
3117444068 30
3172282001 30
3229765946 30
3287475991 30
3345236006 30
3402888050 30
3461152561 30
3519352706 30
3573725249 30
3631571305 30
3689565958 30
3740257540 30
3797699340 30
3861474637 30
3911577878 30
3974868723 30
4024862669 30
4082350048 30
4140236271 30
4197848499 30
4252951107 30
15796290 30
74623610 30
129641483 30
187455008 30
245328712 30
303429423 30
359240891 30
415429016 30
474245227 30
529627803 30
588254391 30
638718919 30
696542208 30
754253263 30
815127420 30
866394145 30
924682044 30
979095768 30
1036850739 30
1094654140 30
1152524758 30
1208180754 30
1266024587 30
1324428663 30
1379742661 30
1438328106 30
1496203344 30
1553427481 30
1608589953 30
1666698121 30
1725427101 30
1780257365 30
1837902045 30
1895290600 30
1952847856 30
2008022251 30
2065646462 30
2124025453 30
2178988015 30
2236558493 30
2294046341 30
2344288383 30
2402172121 30
2458095422 30
2515807225 30
2575302863 30
2629845053 30
2688045710 30
2745683095 30
2803257185 30
2858306247 30
2916182182 30
2974709757 30
3028696191 30
3086681720 30
3144483334 30
3202061356 30
3257270293 30
3315253761 30
3373356863 30
3427717047 30
3486229938 30
3543841303 30
3601509608 30
3651276061 30
3708901909 30
3766953456 30
3825030784 30
3880026292 30
4117750171 40
4181579748 40
4239929425 40
3570834 40
61671144 40
122052271 40
181022487 40
235844528 40
301812972 40
359969360 40
412755515 40
478823953 40
533889399 40
591646291 40
649018886 40
706843538 40
772370968 40
829209776 40
883931472 40
949895982 40
1007558043 40
1062965417 40
1121819701 40
1180253012 40
1242610018 40
1300690425 40
1358574057 40
1421713639 40
1480617364 40
1535504540 40
1593276969 40
1651690108 40
1710147255 40
1770480249 40
1829292335 40
1891513305 40
1949469006 40
2007365907 40
2063125548 40
2121789826 40
2187374477 40
2245089621 40
2302769105 40
2360907441 40
2421115341 40
2479901496 40
2535074133 40
2600273871 40
2657833645 40
2713299835 40
2771688845 40
2830465343 40
2893158898 40
2951269669 40
3009444801 40
3073161293 40
3128357695 40
3191356249 40
3249556393 40
3307972201 40
3363243129 40
3421696836 40
3480073878 40
3542255078 40
3599962871 40
3657667667 40
3721218297 40
3779508691 40
3834045233 40
3892254495 40
3950016804 40
4016082118 40
4071506791 40
4130168781 40
4192556171 40
4250628111 40
13848540 40
68947325 40
126858971 40
192940571 40
250553943 40
308105395 40
365742855 40
426311843 40
484224872 40
547033225 40
605123279 40
662848355 40
717894915 40
783235591 40
838109819 40
895469191 40
960572424 40
1017993847 40
1076655071 40
1135434088 40
1190418381 40
1247832959 40
1313454960 40
1369319171 40
1652990388 50
1718706845 50
1776752866 50
1842981266 50
1900777671 50
1966563893 50
2027456637 50
2085843000 50
2148051440 50
2205738383 50
2271379235 50
2326675907 50
2393082248 50
2450386625 50
2516175875 50
2577191594 50
2635865002 50
2698991042 50
2757402001 50
2815682823 50
2876481169 50
2943222845 50
3001473190 50
3059342775 50
3125625845 50
3186276602 50
3248480799 50
3305833319 50
3371911839 50
3427489667 50
3493287646 50
3551195854 50
3616595669 50
3677070803 50
3735436441 50
3798828041 50
3856832224 50
3922443242 50
3977809283 50
4043359234 50
4100999936 50
4166322491 50
4226668529 50
4285446773 50
52453442 50
117361270 50
175215448 50
232981390 50
299619450 50
357548919 50
423164275 50
484799149 50
540767332 50
602859136 50
668596691 50
724097706 50
790051885 50
852597365 50
910316291 50
967737322 50
1033183047 50
1091711419 50
1153899997 50
1219273350 50
1274669046 50
1340910343 50
1395669911 50
1461584752 50
1519786051 50
1582468059 50
1641286632 50
1703968175 50
1769436406 50
1824480528 50
1890295771 50
1952595559 50
2010575959 50
2076291041 50
2131866202 50
2198152396 50
2255974166 50
2314118369 50
2380003239 50
2441305440 50
2504851207 50
2563155235 50
2621603383 50
2681955943 50
2748588500 50
2806729783 50
2865278989 50
2930496121 50
2990587973 50
3053132499 50
3110919721 50
3176327345 50
3234606180 50
3297999041 50
3355518371 50
3421439718 50
3756539188 60
3814150012 60
3879783863 60
3948438226 60
4006524211 60
4072336657 60
4132899924 60
4199410924 60
4258198577 60
28727459 60
97514262 60
159989531 60
217675532 60
283200241 60
346667496 60
409487659 60
474920843 60
538133330 60
604011472 60
661228575 60
726423420 60
789414609 60
852586467 60
918053409 60
983886753 60
1047328891 60
1110459297 60
1168409623 60
1233979636 60
1297802577 60
1360370969 60
1426097459 60
1488763321 60
1562672432 60
1620534299 60
1685849025 60
1747008391 60
1817150474 60
1875518775 60
1938495789 60
2003947849 60
2068909365 60
2126810795 60
2195583801 60
2257215051 60
2322831723 60
2380545995 60
2446359769 60
2509143217 60
2574931242 60
2638083952 60
2696683645 60
2758972935 60
2825035134 60
2887843461 60
2953921325 60
3019851495 60
3077301619 60
3146601660 60
3208863282 60
3274267123 60
3332167859 60
3396204861 60
3458628646 60
3524350180 60
3589853585 60
3653261871 60
3719186892 60
3776965599 60
3840386423 60
3904455009 60
3970310025 60
4035698408 60
4096697423 60
4159485001 60
4225250402 60
4288708689 60
52208260 60
114590851 60
180529522 60
243223670 60
309360327 60
366969006 60
432102333 60
495259593 60
558839735 60
624881839 60
690815570 60
752532080 60
815727856 60
874026296 60
940116718 60
1002392072 60
1065399515 60
1131212473 60
1193837365 60
1259757632 60
1317652622 60
1383877033 60
1444702373 60
1824839027 70
1890462371 70
1959575348 70
2024970397 70
2090324577 70
2159185084 70
2225284719 70
2291311074 70
2352674675 70
2422104009 70
2487626394 70
2552319353 70
2613865512 70
2679971493 70
2750817298 70
2814004615 70
2880048022 70
2943334572 70
3009830185 70
3076393173 70
3142830920 70
3209055185 70
3274490411 70
3339785657 70
3403214657 70
3473515148 70
3539015327 70
3602157269 70
3664118201 70
3729717340 70
3794989017 70
3861234731 70
3927217918 70
3992567758 70
4060866348 70
4126257287 70
4191876545 70
4259671250 70
30108726 70
96231051 70
157311406 70
227617859 70
293469616 70
356948463 70
419633476 70
492404182 70
558572237 70
621216277 70
686790768 70
750669733 70
815400338 70
881393875 70
947827905 70
1015889482 70
1081694188 70
1147408963 70
1208258206 70
1278134926 70
1344230327 70
1407777394 70
1478371305 70
1543477049 70
1607803762 70
1670478385 70
1736044624 70
1807165987 70
1869540029 70
1935475348 70
1998290849 70
2064067941 70
2130078154 70
2195861893 70
2264410225 70
2330760254 70
2396862768 70
2465947105 70
2531377687 70
2597726604 70
2659087612 70
2722188736 70
2788107295 70
2857174589 70
2920273356 70
2986541265 70
3049631035 70
3116631595 70
3182045543 70
3247587370 70
3315875497 70
3381914948 70
3447369153 70
3515729263 70
3581593707 70
3647678565 70
3709245622 70
3771655696 70
3837390546 70
3908681839 70
3971054559 70
4036702974 70
171220810 80
244420001 80
305377643 80
379756939 80
446011339 80
511833905 80
582485178 80
647674222 80
713774357 80
784042753 80
849755690 80
920855923 80
986311556 80
1051717931 80
1120629779 80
1193893144 80
1254865742 80
1328452945 80
1394060670 80
1462940847 80
1525497798 80
1599264312 80
1663131415 80
1732766646 80
1798266234 80
1864194756 80
1935446162 80
2001657785 80
2070293137 80
2135763567 80
2209341549 80
2272251014 80
2345837178 80
2406424439 80
2477635977 80
2543257447 80
2613778808 80
2683734758 80
2749515381 80
2820801719 80
2886281181 80
2951287921 80
3021721909 80
3087646841 80
3153400794 80
3221632467 80
3295587265 80
3364812211 80
3427658593 80
3493419145 80
3565097561 80
3635614576 80
3701505894 80
3765370022 80
3835834443 80
3901274611 80
3971845903 80
4037434033 80
4103203765 80
4171874751 80
4244704587 80
18927024 80
82327450 80
148623161 80
219552143 80
290247919 80
356226560 80
419839397 80
489859348 80
555433825 80
626960249 80
692412051 80
758083305 80
826761615 80
899771930 80
967470446 80
1030936907 80
1096870097 80
1168185318 80
1230769934 80
1303843250 80
1369559754 80
1439854685 80
1505068152 80
1576547519 80
1642264285 80
1708226596 80
1777065967 80
1843396419 80
1909291575 80
1978341191 80
2052319364 80
2118606640 80
2180952723 80
2253706031 80
2320226850 80
2390805043 80
2456638199 80
2527137941 80
2592805598 80
3066700137 90
3137347979 90
3209936062 90
3276188874 90
3349899009 90
3418952300 90
3488571538 90
3561656115 90
3628199999 90
3702171524 90
3767900353 90
3838449055 90
3912283853 90
3976616807 90
4049964129 90
4118773664 90
4189443337 90
4263831855 90
32164147 90
105730979 90
174716371 90
245063064 90
318787359 90
382519979 90
456074093 90
524699837 90
594686977 90
660373432 90
732139312 90
805839535 90
874727437 90
945138943 90
1010838474 90
1082496855 90
1156150309 90
1224877426 90
1295059134 90
1368658010 90
1432487505 90
1505445913 90
1572973001 90
1643386064 90
1717343842 90
1783956888 90
1857968426 90
1924294517 90
1995909484 90
2069273061 90
2133219090 90
2206589437 90
2275771153 90
2345849254 90
2411628783 90
2483257333 90
2557266579 90
2625783194 90
2696109634 90
2761809319 90
2833931387 90
2900338843 90
2974305709 90
3044817413 90
3110888515 90
3181539429 90
3254359968 90
3325679675 90
3396050522 90
3462303959 90
3533883526 90
3599673817 90
3674515466 90
3744027544 90
3809914392 90
3884399387 90
3950763656 90
4024989686 90
4095601469 90
4161684888 90
4232500849 90
10316976 90
78308734 90
148137670 90
221619342 90
287729229 90
361157697 90
430381363 90
500816245 90
566206753 90
637855097 90
704090453 90
777713229 90
848118783 90
913944147 90
987413775 90
1052566583 90
1125799251 90
1195730911 90
1269198625 90
1337261002 90
1402961998 90
