245235716 1
290147030 1
333814601 1
377499040 1
421181016 1
464879042 1
508561331 1
552235994 1
595917849 1
639620083 1
683324606 1
727061034 1
770763284 1
814484639 1
858171831 1
901855101 1
945561643 1
989252660 1
1032961996 1
1076659796 1
1120361386 1
1164065093 1
1207767735 1
1251500398 1
1295235198 1
1338938571 1
1382674792 1
1426402420 1
1470142116 1
1513873029 1
1557596968 1
1601328839 1
1645064409 1
1688806811 1
1732560015 1
1776278157 1
1819984192 1
1863730199 1
1907467616 1
1951209423 1
1994930597 1
2038666716 1
2082379976 1
2126092800 1
2169799819 1
2213525208 1
2257284470 1
2301014944 1
2344731972 1
2388469954 1
2432188179 1
2475917684 1
2519665843 1
2563374003 1
2607113059 1
2650848626 1
2694560618 1
2738264172 1
2782008695 1
2825696066 1
2869447121 1
2913154932 1
2956898786 1
3000636413 1
3044361564 1
3088078980 1
3131787205 1
3175522042 1
3219248984 1
3262955134 1
3306706003 1
3350429208 1
3394140973 1
3437851592 1
3481596200 1
3525429110 1
3569123325 1
3612846194 1
3656556377 1
3700257388 1
3743953120 1
3787692176 1
3831459800 1
3875196986 1
3918914634 1
3962652394 1
4006363458 1
4051523932 1
4095248766 1
4138941512 1
4182671408 1
4226374637 1
4270089998 1
18839288 1
62589388 1
106324368 1
150076176 1
193805239 1
237527461 1
281265954 1
325150326 10
371097698 10
416982669 10
462823366 10
508653226 10
554507842 10
600354126 10
646236258 10
692095809 10
737941187 10
783773563 10
831185906 10
877044814 10
922915598 10
968776431 10
1014641261 10
1060529978 10
1106390271 10
1152261792 10
1198112182 10
1243961628 10
1289815569 10
1336111553 10
1381988714 10
1427826958 10
1473671989 10
1519529500 10
1565359989 10
1611160452 10
1656962257 10
1702814520 10
1748634844 10
1794495090 10
1840783225 10
1886642111 10
1932502801 10
1978358616 10
2024242443 10
2070121350 10
2115966352 10
2161846382 10
2207712588 10
2253553434 10
2299397498 10
2345723711 10
2391582125 10
2437454981 10
2483289328 10
2529115716 10
2574966411 10
2620821604 10
2666682544 10
2712521598 10
2758384238 10
2804232734 10
2850496349 10
2896331255 10
2942165150 10
2988051316 10
3033928540 10
3079770663 10
3125613012 10
3171465216 10
3217316107 10
3263177324 10
3309044963 10
3354958641 10
3400822338 10
3446661414 10
3492491288 10
3538348249 10
3584183293 10
3630031808 10
3675896553 10
3721738850 10
3767605484 10
3813454636 10
3859297088 10
3905612503 10
3951451069 10
3997293594 10
4043147064 10
4088982832 10
4134824961 10
4180686164 10
4226555590 10
4272376980 10
23257123 10
69090722 10
115376136 10
161188042 10
207053891 10
252909954 10
298773000 10
344618052 10
390437614 10
436286243 10
482141810 10
527985650 10
573825236 10
620251821 20
668657026 20
716849789 20
764997780 20
813105866 20
861294381 20
909437942 20
957592135 20
1005755768 20
1053903928 20
1102025322 20
1150529067 20
1198687568 20
1246799218 20
1294893834 20
1342992710 20
1391087478 20
1439211359 20
1487326941 20
1535478617 20
1583565374 20
1631670972 20
1679830624 20
1727943429 20
1776121808 20
1824253624 20
1872380818 20
1920508524 20
1968662620 20
2016792448 20
2064901244 20
2113032366 20
2161151135 20
2209282165 20
2257413840 20
2305514903 20
2353634826 20
2401734945 20
2449856677 20
2497960347 20
2546071732 20
2594176082 20
2642266104 20
2690433299 20
2738557977 20
2786677387 20
2835739697 20
2883868611 20
2931972884 20
2980071246 20
3028179403 20
3076296310 20
3124374046 20
3172475813 20
3220579510 20
3268688813 20
3316781853 20
3364947429 20
3413038182 20
3461124983 20
3509208895 20
3557339352 20
3605422523 20
3653542793 20
3701682079 20
3749787353 20
3797868468 20
3845948666 20
3894069528 20
3942605980 20
3990693861 20
4038773493 20
4086912278 20
4135046295 20
4183164066 20
4231279680 20
4279370426 20
32598340 20
80713186 20
128797782 20
177317210 20
225424488 20
273493090 20
321586866 20
369718611 20
417826353 20
465940350 20
514039152 20
562148922 20
610242559 20
658376886 20
706906793 20
754977248 20
803107160 20
851215268 20
899324737 20
947427564 20
995539604 20
1043645265 20
1091733067 20
1139990399 30
1190636264 30
1241048706 30
1291527554 30
1341884546 30
1392315660 30
1442685812 30
1493124040 30
1543518590 30
1593893381 30
1644262916 30
1694688940 30
1745164482 30
1795546173 30
1845940938 30
1896360448 30
1946703422 30
1997043543 30
2047385800 30
2097750419 30
2148138025 30
2198584636 30
2249013529 30
2299405344 30
2350534766 30
2400896134 30
2451307218 30
2501725045 30
2552095732 30
2602508958 30
2652954328 30
2703362642 30
2753734452 30
2804106054 30
2854492068 30
2904913900 30
2955260759 30
3005691102 30
3056098321 30
3106502894 30
3156915072 30
3207328609 30
3257736016 30
3308126822 30
3358582462 30
3409021118 30
3459459890 30
3509839723 30
3560253797 30
3610643963 30
3661089556 30
3711566184 30
3761943634 30
3812354730 30
3862833029 30
3913234384 30
3963692988 30
4014021064 30
4064380945 30
4114813080 30
4165257890 30
4215619743 30
4266010247 30
21414114 30
71722422 30
122053989 30
172486534 30
223237904 30
273570897 30
323999224 30
374383652 30
424739538 30
475057901 30
525367823 30
575676191 30
626017278 30
676416863 30
727329800 30
777697478 30
828149663 30
878544537 30
928964681 30
979353002 30
1029741208 30
1080192679 30
1130605504 30
1181020564 30
1232137847 30
1282526468 30
1332926247 30
1383270224 30
1433662198 30
1484006269 30
1534320316 30
1584762102 30
1635163714 30
1685595359 30
1736006109 30
1786497666 30
1836927108 30
1887581831 40
1940772411 40
1993540539 40
2046264216 40
2099069683 40
2151851369 40
2204557082 40
2257258164 40
2309991083 40
2362739434 40
2415403916 40
2468129584 40
2520834103 40
2573584746 40
2626326593 40
2679070054 40
2731759663 40
2784512182 40
2837326628 40
2890103464 40
2942902682 40
2995627712 40
3048450558 40
3101247794 40
3153991904 40
3206735990 40
3259494444 40
3312183484 40
3364993496 40
3417646999 40
3470358845 40
3523083960 40
3575906499 40
3628694086 40
3681482260 40
3734261390 40
3787033156 40
3839706487 40
3892520549 40
3945281396 40
3997922757 40
4050597358 40
4103377082 40
4156164253 40
4208953478 40
4261733054 40
19521310 40
72338397 40
125064856 40
177753529 40
230447222 40
283176418 40
335915977 40
388645072 40
441415378 40
494128580 40
546878573 40
599666185 40
652385804 40
705136613 40
757863277 40
810645963 40
863413681 40
916163597 40
968888636 40
1021747625 40
1074451323 40
1127123925 40
1179891886 40
1232565511 40
1285274960 40
1338067406 40
1390768497 40
1443576536 40
1496423983 40
1549220703 40
1601933244 40
1654719848 40
1707531642 40
1760263894 40
1812926219 40
1865656832 40
1918360504 40
1971144212 40
2024015372 40
2076867540 40
2129656685 40
2182449898 40
2235279286 40
2287988299 40
2340721206 40
2393491834 40
2446299713 40
2499143018 40
2551967695 40
2605114088 40
2657896502 40
2710630032 40
2763461352 40
2816287852 40
2869186980 50
2924544689 50
2979600601 50
3034631883 50
3089474392 50
3144811535 50
3199585862 50
3254359170 50
3309246999 50
3364216525 50
3419078031 50
3473917089 50
3528698938 50
3583567324 50
3638437084 50
3693355795 50
3748106189 50
3803095886 50
3857904624 50
3912739082 50
3967529104 50
4022648251 50
4077438172 50
4132508368 50
4187325618 50
4242156394 50
2178338 50
57211100 50
112036012 50
166887716 50
221668796 50
276653111 50
331512250 50
386367324 50
441230112 50
496212596 50
551119590 50
606180571 50
661222200 50
716168698 50
771124015 50
825907714 50
880720474 50
935499255 50
990326225 50
1045084166 50
1099890304 50
1155058089 50
1209832973 50
1264923697 50
1319722678 50
1374540862 50
1429399643 50
1484211189 50
1538978470 50
1593790671 50
1648584876 50
1703429449 50
1758981728 50
1813800684 50
1868794551 50
1923623798 50
1978439698 50
2033457904 50
2088237241 50
2143313099 50
2198337182 50
2253220679 50
2308024899 50
2362931850 50
2417937216 50
2472874682 50
2527744412 50
2582570452 50
2637340603 50
2692108146 50
2746831241 50
2801708584 50
2856702813 50
2911755546 50
2966618329 50
3021664339 50
3076423860 50
3131257955 50
3186189007 50
3241073662 50
3295935072 50
3350728834 50
3405698800 50
3460608730 50
3515429751 50
3570426672 50
3625266696 50
3680356494 50
3735132313 50
3790017121 50
3844800948 50
3899672122 50
3954640938 50
4009582268 50
4064531628 60
4122212809 60
4179394128 60
4236447250 60
4293645961 60
56009982 60
113097867 60
170161547 60
227342952 60
284637864 60
341910376 60
398933318 60
455993762 60
513312915 60
570314137 60
627370151 60
684396515 60
741787071 60
799112002 60
856791462 60
913881999 60
970962878 60
1028288660 60
1085296800 60
1142289087 60
1199319078 60
1256468218 60
1313558842 60
1370663147 60
1427708074 60
1484949768 60
1542052257 60
1599113610 60
1656155236 60
1713173580 60
1770366100 60
1827450316 60
1884507499 60
1941823488 60
1999262896 60
2056299416 60
2113301140 60
2170444375 60
2227641212 60
2285057521 60
2342085420 60
2399135993 60
2456199414 60
2513829586 60
2570846580 60
2627890764 60
2684966561 60
2742061338 60
2799081762 60
2856129431 60
2913240034 60
2970313996 60
3028168521 60
3085431789 60
3142737117 60
3200143405 60
3257224366 60
3314263316 60
3371551590 60
3428674908 60
3485932595 60
3543821843 60
3600841622 60
3658150678 60
3715198440 60
3772194503 60
3829256034 60
3886470516 60
3943494108 60
4000581692 60
4057790104 60
4115058404 60
4172035043 60
4229284976 60
4286568243 60
48890536 60
105957685 60
163026316 60
219980340 60
277000836 60
344281911 60
401331326 60
458323698 60
515339919 60
572608169 60
629871507 60
686957429 60
743973997 60
801141649 60
858653528 60
915719515 60
972700544 60
1029876440 60
1087179393 60
1144518757 60
1201846800 70
1262361714 70
1322179642 70
1381982824 70
1441257561 70
1500567582 70
1560104864 70
1619686816 70
1679287963 70
1738783912 70
1798325920 70
1857724862 70
1917076381 70
1976678770 70
2036100397 70
2095303428 70
2154542410 70
2213822266 70
2273041658 70
2332503530 70
2392063524 70
2452389015 70
2511750384 70
2571270061 70
2630847258 70
2690198528 70
2749684068 70
2808960931 70
2868413198 70
2928073244 70
2988150375 70
3047426283 70
3106643542 70
3165921340 70
3225546468 70
3284956108 70
3344326778 70
3403518592 70
3462745068 70
3522423254 70
3581689228 70
3640940146 70
3700217529 70
3759886132 70
3819135565 70
3878352678 70
3937623694 70
3997239511 70
4056393426 70
4115652938 70
4174857412 70
4234060609 70
4293316726 70
57580338 70
116853759 70
176104441 70
235704618 70
294982374 70
354643307 70
413915556 70
473364967 70
532943268 70
592186771 70
651674751 70
711138499 70
770432760 70
829677849 70
889121642 70
948725095 70
1007996032 70
1067176510 70
1126518676 70
1185892973 70
1245372655 70
1304635415 70
1363980528 70
1423660925 70
1483867138 70
1543118034 70
1602385347 70
1661857525 70
1721074762 70
1780299735 70
1839553081 70
1898782023 70
1958507929 70
2018202020 70
2077723369 70
2136990424 70
2196461632 70
2255769087 70
2315130326 70
2374377890 70
2433695836 70
2493024584 70
2553068424 70
2612760962 70
2672096572 70
2731469641 70
2791008258 70
2850606388 80
2912911169 80
2974871404 80
3036803295 80
3099122464 80
3160973804 80
3222563062 80
3284092436 80
3345714082 80
3407542068 80
3469163142 80
3530692148 80
3592157371 80
3653934480 80
3715818024 80
3777484401 80
3839115953 80
3900880186 80
3962421790 80
4023998940 80
4085464414 80
4147294542 80
4209215615 80
4271070643 80
37531856 80
99401876 80
161268201 80
223081361 80
284595479 80
346390783 80
408332088 80
469838032 80
531456895 80
592989916 80
654689980 80
716474506 80
778219554 80
839896952 80
901432511 80
962916823 80
1024374817 80
1086188990 80
1147712818 80
1209516746 80
1271164787 80
1332696380 80
1394279504 80
1455847754 80
1517509169 80
1579038829 80
1640510919 80
1702106711 80
1763623539 80
1825158087 80
1886673578 80
1948458178 80
2009970704 80
2071702456 80
2133423867 80
2194978350 80
2256822129 80
2318334769 80
2379935610 80
2441667129 80
2503177904 80
2564672698 80
2626262920 80
2687803962 80
2749331191 80
2810993927 80
2872456503 80
2933861861 80
2995227447 80
3056698446 80
3118021276 80
3179766683 80
3241296544 80
3303129996 80
3364734447 80
3426277289 80
3487816550 80
3549545802 80
3611487998 80
3673363420 80
3735328035 80
3797178394 80
3858947132 80
3920571732 80
3982543280 80
4044068671 80
4105616201 80
4167316741 80
4228827580 80
4290354933 80
56885553 80
118436535 80
180306292 80
241910210 80
303810062 80
365314829 80
426962777 90
491923912 90
555906500 90
619842750 90
683582208 90
747348511 90
811169666 90
875236345 90
939321326 90
1003232296 90
1067125890 90
1130824388 90
1194828274 90
1258454163 90
1322261729 90
1386116524 90
1450022300 90
1513992228 90
1578172678 90
1642322315 90
1706139090 90
1770082246 90
1833942928 90
1897759426 90
1961673994 90
2025653267 90
2089468337 90
2153352647 90
2217585340 90
2281398024 90
2345348618 90
2409358082 90
2473369062 90
2537380074 90
2601246002 90
2665245623 90
2729143809 90
2792904060 90
2856765571 90
2920912898 90
2984866577 90
3048674182 90
3112621454 90
3176525462 90
3240517247 90
3304325054 90
3368321718 90
3432422465 90
3496310940 90
3560427990 90
3624180182 90
3688163640 90
3752231946 90
3816125324 90
3880324470 90
3944049808 90
4007914771 90
4071816500 90
4135645790 90
4199495140 90
4263279597 90
32210195 90
96226187 90
160054580 90
223896842 90
287857116 90
351810019 90
415659724 90
479581820 90
543702613 90
607668743 90
672040074 90
736037597 90
800012060 90
864001398 90
927845645 90
991850984 90
1055924558 90
1120002858 90
1184408099 90
1248223164 90
1311975858 90
1375905514 90
1439943592 90
1504028857 90
1567985955 90
1631983942 90
1696411628 90
1760329166 90
1824200226 90
1888152545 90
1952002168 90
2016074340 90
2079812770 90
2143954552 90
2208364763 90
2272371841 90
2336309939 90
2400290150 90
2464394414 90
