3734159397 1
3785558700 1
3835640182 1
3885762486 1
3935864539 1
3985962917 1
4036064263 1
4086193408 1
4136278667 1
4186377517 1
4237453615 1
4287550106 1
42685783 1
92810621 1
142944261 1
193118310 1
243244273 1
293334341 1
343435278 1
393540106 1
444073240 1
494208811 1
544354271 1
594472050 1
644601564 1
694743912 1
744866181 1
794959205 1
845087095 1
895203589 1
945348484 1
995458926 1
1045564714 1
1095665721 1
1145775429 1
1195885675 1
1246002112 1
1296117920 1
1346242698 1
1396377906 1
1446537173 1
1497091559 1
1547205111 1
1597319233 1
1647427123 1
1697530424 1
1747660085 1
1797781849 1
1847948863 1
1898093338 1
1948209003 1
1998825473 1
2048942977 1
2099063517 1
2149179683 1
2199311948 1
2249434041 1
2299554194 1
2349675743 1
2399803189 1
2449912740 1
2500061216 1
2550207552 1
2600307899 1
2650437099 1
2700566720 1
2750710621 1
2800828723 1
2850952217 1
2901100820 1
2951244039 1
3001360124 1
3051522283 1
3101644621 1
3151765222 1
3201999506 1
3252124285 1
3302238293 1
3352389754 1
3402492517 1
3452575599 1
3502687156 1
3553311155 1
3603435971 1
3653574188 1
3703725338 1
3753867092 1
3803994554 1
3854121967 1
3904225333 1
3954377849 1
4004518300 1
4055066213 1
4105204464 1
4155338795 1
4205461618 1
4255582447 1
10742119 1
60879694 1
110991751 1
206623381 10
258932632 10
311147464 10
363368566 10
415541692 10
467739801 10
519907239 10
572120421 10
624313590 10
676578619 10
728810867 10
781007952 10
833241624 10
885525353 10
937756636 10
989981313 10
1042224987 10
1094461153 10
1146740265 10
1199022266 10
1251278898 10
1303527107 10
1355744908 10
1407970523 10
1460920055 10
1513146740 10
1565376203 10
1617610384 10
1669851964 10
1722077607 10
1774318714 10
1826550662 10
1878810276 10
1931030519 10
1983824632 10
2036031439 10
2088255139 10
2140487631 10
2192713049 10
2244956344 10
2297177044 10
2349379430 10
2401591137 10
2453812164 10
2506056879 10
2558276149 10
2610467462 10
2662694952 10
2714888201 10
2767115476 10
2819363748 10
2871587165 10
2923796292 10
2976033033 10
3028243007 10
3081206321 10
3133420265 10
3185645483 10
3237878298 10
3290104996 10
3342307062 10
3394524825 10
3446764155 10
3498993752 10
3551224810 10
3603901637 10
3656139739 10
3708370575 10
3760603939 10
3812836183 10
3865070959 10
3917304296 10
3969556503 10
4021772567 10
4074012294 10
4126253969 10
4178448823 10
4230670539 10
4282892130 10
40075609 10
92329594 10
144577195 10
196789605 10
248985135 10
301200076 10
353465369 10
405713469 10
457944138 10
510154448 10
562372450 10
614611249 10
666807609 10
719022951 10
771278521 10
823486326 10
875682165 10
927916169 10
980161042 10
1032379343 10
1084605601 10
1227289953 20
1282023469 20
1336521720 20
1391149133 20
1445600308 20
1500123376 20
1555257705 20
1609739415 20
1664396351 20
1718949957 20
1773468870 20
1828054577 20
1882593205 20
1937226270 20
1991724310 20
2046403067 20
2101650806 20
2156190037 20
2210735401 20
2265326613 20
2319931263 20
2374458986 20
2429033359 20
2483596139 20
2538140306 20
2592748221 20
2647908665 20
2702504251 20
2757172518 20
2811734319 20
2866297219 20
2920843229 20
2975376467 20
3029899307 20
3084526923 20
3139112649 20
3194079633 20
3248671994 20
3303194893 20
3357788539 20
3412399649 20
3466930446 20
3521582244 20
3576099223 20
3630624134 20
3685199408 20
3740266940 20
3794842698 20
3849378893 20
3903932399 20
3958497168 20
4013058449 20
4067688545 20
4122283466 20
4176880608 20
4231429407 20
4286121117 20
45752379 20
100304359 20
154896141 20
209474403 20
264063194 20
318646879 20
373260504 20
427891245 20
482534827 20
537116787 20
591729995 20
646270779 20
700853801 20
755467679 20
810071299 20
864639985 20
919239223 20
973870991 20
1028480558 20
1083074657 20
1138101339 20
1192701911 20
1247304627 20
1301868583 20
1356488217 20
1411056927 20
1465642343 20
1520237593 20
1574822131 20
1629428813 20
1684063585 20
1738662100 20
1793318400 20
1847878733 20
1902497657 20
1957109232 20
2011657327 20
2066295035 20
2120910620 20
2175485753 20
2230492196 20
2285082868 20
2339668904 20
2529639443 30
2586639169 30
2643379089 30
2700138417 30
2756951058 30
2813825116 30
2870670627 30
2927568013 30
2984259099 30
3041015855 30
3097814898 30
3154535845 30
3211382407 30
3268110397 30
3325341000 30
3382028222 30
3438852604 30
3495698811 30
3552476466 30
3609327360 30
3666120322 30
3722978703 30
3779844513 30
3837028933 30
3893867659 30
3950584156 30
4007499721 30
4064246833 30
4121047755 30
4177737690 30
4234523975 30
4291464918 30
53291893 30
110028647 30
166832210 30
223664431 30
280520276 30
337266269 30
394164518 30
450906517 30
507691008 30
564469797 30
621164325 30
677973257 30
734774070 30
791589481 30
848413044 30
905241152 30
962024056 30
1018890136 30
1075593359 30
1132378690 30
1189957957 30
1246846415 30
1303731131 30
1360493224 30
1417257120 30
1474030067 30
1530798611 30
1587697195 30
1644552099 30
1701827042 30
1758692622 30
1815511125 30
1872278037 30
1929158806 30
1986028057 30
2042854693 30
2099683618 30
2156447701 30
2213843233 30
2270698378 30
2327551785 30
2384308695 30
2441058115 30
2497921504 30
2554654910 30
2611579170 30
2668346597 30
2725257493 30
2782094121 30
2838867783 30
2895595510 30
2952432611 30
3009284581 30
3066084065 30
3122808187 30
3179560583 30
3236387132 30
3293241171 30
3350093499 30
3406882692 30
3463710650 30
3520480061 30
3577365980 30
3634146671 30
3691029277 30
3747905022 30
3804703444 30
3861963695 30
4098848373 40
4158023608 40
4216965003 40
4275919138 40
39935924 40
99080144 40
158102295 40
216989742 40
275763088 40
334625423 40
393549694 40
452431064 40
511443229 40
570342964 40
629320460 40
688303523 40
747245021 40
806177679 40
865272375 40
924265252 40
983373481 40
1042140555 40
1101070188 40
1159939810 40
1218793197 40
1277767162 40
1336504715 40
1395516041 40
1454550262 40
1513573847 40
1572576026 40
1631332571 40
1690241938 40
1749167271 40
1808107716 40
1867468311 40
1926349050 40
1985318124 40
2044155353 40
2103093615 40
2162011837 40
2220975334 40
2279888417 40
2338902610 40
2398385426 40
2457361238 40
2516213263 40
2575215609 40
2634065143 40
2692990179 40
2751959694 40
2810957848 40
2870048161 40
2929515393 40
2988500820 40
3047496212 40
3106218604 40
3165173759 40
3224033690 40
3283005481 40
3341749797 40
3400698719 40
3459913021 40
3518873816 40
3577776687 40
3636719165 40
3695615325 40
3754393825 40
3813386779 40
3872387055 40
3931152171 40
3990656153 40
4049626497 40
4108552351 40
4167505837 40
4226479128 40
4285547476 40
49637273 40
108403009 40
167176135 40
226593522 40
285429670 40
344203133 40
403076339 40
461914237 40
520736303 40
579809347 40
638801997 40
697824436 40
757409172 40
816501627 40
875500227 40
934366163 40
993403117 40
1052213483 40
1111268102 40
1170138581 40
1229071665 40
1288124470 40
1346907789 40
1631375202 50
1692751299 50
1753681119 50
1815634040 50
1877097482 50
1938314279 50
1999265342 50
2060230067 50
2121097173 50
2181954176 50
2243278197 50
2304221077 50
2365893251 50
2426875335 50
2487825823 50
2549283443 50
2610147311 50
2671063449 50
2732505465 50
2793411671 50
2854412162 50
2916040324 50
2977047499 50
3038048164 50
3098907273 50
3159850661 50
3221081396 50
3282570231 50
3343530310 50
3404758397 50
3466711855 50
3527576357 50
3588485873 50
3649692663 50
3711114791 50
3772120684 50
3833299506 50
3894277628 50
3955681495 50
4017324315 50
4078773531 50
4139718880 50
4201168914 50
4262367639 50
28547759 50
89432969 50
150394807 50
211879767 50
274116643 50
335067099 50
395935241 50
457151329 50
518612969 50
579523802 50
640484575 50
701403271 50
762564327 50
823974319 50
885437051 50
946354703 50
1007210465 50
1068261147 50
1129687594 50
1191170113 50
1252634834 50
1313744637 50
1375153790 50
1436070389 50
1497099260 50
1558072714 50
1619010789 50
1680013295 50
1741103322 50
1802567970 50
1863420805 50
1925559748 50
1986966655 50
2048454212 50
2109629734 50
2170506554 50
2231931618 50
2293421867 50
2354298894 50
2415537007 50
2476985353 50
2538448197 50
2599709698 50
2660735314 50
2721836349 50
2783067672 50
2844487193 50
2905483967 50
2966927980 50
3028424039 50
3089473711 50
3150383553 50
3211611508 50
3272567092 50
3333767423 50
3394629199 50
3727548239 60
3791134521 60
3854380274 60
3917875809 60
3981555006 60
4045131895 60
4109023108 60
4172373936 60
4235684293 60
4212205 60
67269997 60
130476955 60
194024376 60
257255817 60
320456785 60
383670663 60
447570554 60
511216754 60
574324153 60
637352683 60
701248733 60
764439720 60
827444949 60
891264249 60
954331820 60
1017852649 60
1081524875 60
1144474919 60
1207537343 60
1271355305 60
1334512573 60
1397514635 60
1461136373 60
1534517667 60
1597939961 60
1660989054 60
1724086142 60
1787126481 60
1850622003 60
1913688587 60
1976718704 60
2040532427 60
2103653062 60
2166729413 60
2229874805 60
2293032670 60
2356058205 60
2419710099 60
2482942610 60
2546560345 60
2609603934 60
2673101965 60
2736188773 60
2799250925 60
2863097200 60
2926788520 60
2990259893 60
3053821981 60
3117315149 60
3180617485 60
3244170439 60
3307387878 60
3370844151 60
3434697146 60
3498076512 60
3561932535 60
3625785994 60
3689329739 60
3752760615 60
3815804136 60
3878864729 60
3942744561 60
4005794243 60
4069441322 60
4132579245 60
4195819841 60
4258905383 60
27211003 60
91035894 60
154393859 60
218304674 60
281449255 60
344471921 60
407500886 60
470829760 60
533938292 60
597455723 60
660691626 60
724626815 60
787636027 60
850807165 60
913787164 60
976868016 60
1040035092 60
1103336155 60
1166387666 60
1229602888 60
1292730414 60
1355801681 60
1419762246 60
1799107238 70
1864937459 70
1930648651 70
1996804199 70
2062721915 70
2128597875 70
2194361914 70
2259675826 70
2325342536 70
2390880857 70
2456753463 70
2522523076 70
2588186092 70
2653997939 70
2719261380 70
2784867342 70
2850723725 70
2916040040 70
2981908981 70
3048030500 70
3113903725 70
3179160173 70
3244832043 70
3310095169 70
3375920272 70
3441136378 70
3506534061 70
3573261230 70
3639070968 70
3704331938 70
3769648230 70
3834825714 70
3900262388 70
3965414223 70
4031063675 70
4096932729 70
4162732317 70
4228649918 70
4294182027 70
64956759 70
130621866 70
196368469 70
261907542 70
328273718 70
394168460 70
459746520 70
525595073 70
590987777 70
656815225 70
722224514 70
787898381 70
853543097 70
919473486 70
984679102 70
1049949909 70
1115691067 70
1181466555 70
1247329083 70
1312959542 70
1381556343 70
1447460085 70
1513336604 70
1579002702 70
1644538717 70
1709876214 70
1775719653 70
1841629641 70
1907589626 70
1972807224 70
2038686510 70
2104407651 70
2170239527 70
2236112779 70
2301488402 70
2367266673 70
2433680609 70
2499024427 70
2564960434 70
2630551524 70
2696455989 70
2762266612 70
2827527465 70
2892773012 70
2959133943 70
3024367545 70
3090039570 70
3155543010 70
3220971812 70
3286244748 70
3351631494 70
3417409940 70
3484155859 70
3549384297 70
3615336043 70
3680616544 70
3746272413 70
3812146384 70
3877571713 70
3943392513 70
4009662121 70
142555822 80
210949747 80
278490943 80
345967036 80
413427383 80
480938077 80
548449740 80
616752401 80
684310053 80
752512476 80
820262930 80
887821319 80
955418386 80
1022862206 80
1090695095 80
1158983101 80
1227267191 80
1295549511 80
1362957533 80
1430495215 80
1498458874 80
1565936403 80
1633546212 80
1701121082 80
1769315150 80
1836755195 80
1904378892 80
1971933585 80
2039488025 80
2108064565 80
2175801495 80
2243604952 80
2311125842 80
2379407131 80
2447239159 80
2514937588 80
2582412477 80
2650643422 80
2718450195 80
2786333949 80
2854633032 80
2922474877 80
2990234485 80
3058089443 80
3125678818 80
3193949729 80
3261623483 80
3329831637 80
3397329977 80
3465502128 80
3533079689 80
3601235908 80
3669075759 80
3737376982 80
3804803625 80
3872306368 80
3939815089 80
4007665264 80
4075984493 80
4143630172 80
4211554451 80
4279907741 80
52798205 80
120692143 80
188400904 80
256072034 80
323576540 80
391333997 80
459140551 80
527458967 80
595017588 80
662602351 80
730140079 80
797532931 80
865089355 80
933234282 80
1000909759 80
1068907171 80
1136382323 80
1203888665 80
1271377735 80
1339071461 80
1407396442 80
1475177426 80
1542992260 80
1610474250 80
1678503262 80
1746029883 80
1813932145 80
1881620336 80
1949761471 80
2017805251 80
2086052947 80
2154031098 80
2221648054 80
2289233066 80
2357274827 80
2425525003 80
2493117677 80
2561499433 80
3035813791 90
3106664472 90
3177186442 90
3246854151 90
3316460093 90
3386062156 90
3456555047 90
3527151068 90
3597368444 90
3667108336 90
3737768951 90
3808118029 90
3877669129 90
3947214504 90
4016790977 90
4087346832 90
4158053401 90
4227681403 90
2316750 90
72002107 90
141629885 90
211172874 90
281704515 90
352136334 90
422551500 90
492171169 90
561787606 90
631307806 90
700865666 90
771356140 90
841542367 90
911117575 90
980667396 90
1051025335 90
1121120167 90
1190736917 90
1261396299 90
1332074276 90
1401885904 90
1472251245 90
1542723193 90
1612272371 90
1681889243 90
1751576713 90
1822045399 90
1891691116 90
1961347157 90
2032055471 90
2102678060 90
2172232703 90
2242374759 90
2312274132 90
2381889745 90
2451512807 90
2521149181 90
2590826630 90
2661278040 90
2731955442 90
2801421606 90
2871480285 90
2941119891 90
3010738430 90
3081244305 90
3150953006 90
3220603225 90
3290545273 90
3360218889 90
3430761886 90
3500333959 90
3570576937 90
3640153566 90
3710109699 90
3780770549 90
3850389942 90
3920486978 90
3990138816 90
4060549865 90
4130088732 90
4199691778 90
4269283591 90
44405421 90
114329166 90
184901341 90
254995313 90
325375369 90
395314548 90
464842957 90
534764407 90
604512102 90
674135313 90
743711517 90
814148880 90
883815417 90
953533175 90
1023383567 90
1092994895 90
1163211740 90
1232906630 90
1302549569 90
1372096509 90
