247131996 1
290827149 1
334501320 1
378185958 1
421874407 1
465563090 1
509244775 1
552915133 1
596607858 1
640306340 1
684021032 1
727752894 1
771461814 1
815164568 1
858852634 1
902538756 1
946243369 1
989940650 1
1033645770 1
1077342910 1
1121054618 1
1164747181 1
1208459328 1
1252179896 1
1295920731 1
1339633895 1
1383370238 1
1427096988 1
1470840513 1
1514566670 1
1558297286 1
1602029423 1
1645756706 1
1689499555 1
1733251719 1
1776963733 1
1820684016 1
1864422779 1
1908166493 1
1951901585 1
1995622622 1
2039357170 1
2083066516 1
2126780567 1
2170487807 1
2214229970 1
2257982832 1
2301705013 1
2345425516 1
2389164712 1
2432883638 1
2476615846 1
2520365642 1
2564070575 1
2607805104 1
2651539076 1
2695252590 1
2738954200 1
2782699222 1
2826386438 1
2870135450 1
2913843716 1
2957594100 1
3001322539 1
3045058954 1
3088773050 1
3132482154 1
3176218547 1
3219938456 1
3263650024 1
3307391133 1
3351121058 1
3394830955 1
3438539412 1
3482393114 1
3526114226 1
3569812352 1
3613540529 1
3657242917 1
3700942909 1
3744641186 1
3788385519 1
3832152413 1
3875893510 1
3919611303 1
3963345586 1
4007061494 1
4052220460 1
4095933787 1
4139632865 1
4183356350 1
4227059679 1
4270775496 1
19529668 1
63282264 1
107015264 1
150774279 1
194495626 1
238220579 1
281965605 1
327925882 10
373813486 10
419677672 10
465523840 10
511348862 10
557206111 10
603099919 10
648944280 10
694791914 10
740615892 10
786467665 10
833887265 10
879740546 10
925619660 10
971482995 10
1017345452 10
1063244347 10
1109092752 10
1154971920 10
1200817962 10
1246660780 10
1292506111 10
1338806669 10
1384685380 10
1430530545 10
1476369361 10
1522197963 10
1568038333 10
1613846436 10
1659647426 10
1705499726 10
1751357735 10
1797197919 10
1843495962 10
1889356044 10
1935196191 10
1981072223 10
2026937313 10
2072800530 10
2118681634 10
2164537224 10
2210405190 10
2256247781 10
2302092052 10
2348437977 10
2394289389 10
2440155459 10
2485975397 10
2531801154 10
2577673086 10
2623517738 10
2669365249 10
2715206335 10
2761072025 10
2806918722 10
2853177687 10
2899029516 10
2944863607 10
2990750228 10
3036612446 10
3082458506 10
3128298512 10
3174160652 10
3220012476 10
3265878766 10
3311765542 10
3357680434 10
3403508907 10
3449346768 10
3495197353 10
3541033631 10
3586890616 10
3632736633 10
3678601379 10
3724450094 10
3770290700 10
3816167013 10
3861993308 10
3908283210 10
3954122965 10
3999992126 10
4045833317 10
4091673849 10
4137511265 10
4183393267 10
4229236886 10
4275073147 10
25933187 10
71769621 10
118053400 10
163877682 10
209736939 10
255611124 10
301470528 10
347296488 10
393129150 10
438983621 10
484824702 10
530675064 10
576516250 10
625340138 20
673573188 20
721731353 20
769851701 20
817997772 20
866147384 20
914302587 20
962479063 20
1010632275 20
1058761254 20
1106851676 20
1155404510 20
1203528041 20
1251649460 20
1299734420 20
1347824289 20
1395941911 20
1444059951 20
1492206574 20
1540318037 20
1588424037 20
1636539376 20
1684668446 20
1732854208 20
1780999408 20
1829086411 20
1877233672 20
1925369741 20
1973514754 20
2021617459 20
2069727470 20
2117882011 20
2165993695 20
2214132233 20
2262244468 20
2310357321 20
2358464903 20
2406587872 20
2454703365 20
2502792316 20
2550909312 20
2598993776 20
2647117128 20
2695296694 20
2743374296 20
2791528497 20
2840577400 20
2888693787 20
2936801192 20
2984890348 20
3033013560 20
3081096332 20
3129210762 20
3177326122 20
3225403289 20
3273526432 20
3321647109 20
3369761470 20
3417851685 20
3465940998 20
3514078833 20
3562166019 20
3610276528 20
3658411828 20
3706506605 20
3754597698 20
3802701934 20
3850775856 20
3898926423 20
3947437139 20
3995513906 20
4043638141 20
4091772278 20
4139908156 20
4188014025 20
4236094250 20
4284282524 20
37434458 20
85510271 20
133641682 20
182159244 20
230243030 20
278311418 20
326433233 20
374542709 20
422666899 20
470773202 20
518876442 20
566982547 20
615092641 20
663218546 20
711703679 20
759819450 20
807932226 20
856062891 20
904160610 20
952273954 20
1000375386 20
1048474071 20
1096609614 20
1147224034 30
1197675411 30
1248157625 30
1298523941 30
1348923013 30
1399277554 30
1449731506 30
1500129270 30
1550490219 30
1600866012 30
1651321378 30
1701766444 30
1752129816 30
1802563410 30
1852982211 30
1903314080 30
1953660603 30
2003990014 30
2054373474 30
2104771000 30
2155207093 30
2205610207 30
2256039138 30
2306435329 30
2357522951 30
2407945310 30
2458364553 30
2508727181 30
2559132048 30
2609562731 30
2660005837 30
2710358687 30
2760725839 30
2811106371 30
2861523771 30
2911883414 30
2962298518 30
3012720217 30
3063114730 30
3113511784 30
3163946460 30
3214349225 30
3264744314 30
3315184930 30
3365639869 30
3416066348 30
3466472870 30
3516861798 30
3567254500 30
3617703761 30
3668188983 30
3718555207 30
3768965062 30
3819424055 30
3869855980 30
3920286376 30
3970637962 30
4021003725 30
4071428572 30
4121856977 30
4172234682 30
4222624830 30
4272984710 30
28354457 30
78670812 30
129093692 30
179434677 30
230186521 30
280626850 30
330995888 30
381365680 30
431674581 30
482002589 30
532303480 30
582634344 30
632999911 30
683483261 30
734323413 30
784760416 30
835155350 30
885598822 30
935988594 30
986350706 30
1036823530 30
1087230006 30
1137616409 30
1188023490 30
1239127840 30
1289537226 30
1339909765 30
1390260190 30
1440629642 30
1490938938 30
1541369938 30
1591795217 30
1642208167 30
1692633181 30
1743129096 30
1793566239 30
1844000396 30
1897216881 40
1950006301 40
2002725232 40
2055506576 40
2108308135 40
2161008868 40
2213696482 40
2266439246 40
2319198940 40
2371866698 40
2424580810 40
2477287694 40
2530040983 40
2582799706 40
2635525658 40
2688219506 40
2740952233 40
2793743708 40
2846520937 40
2899351576 40
2952081500 40
3004893766 40
3057698094 40
3110436471 40
3163189812 40
3215965442 40
3268633014 40
3321432154 40
3374098866 40
3426791080 40
3479537738 40
3532355443 40
3585149859 40
3637942084 40
3690712811 40
3743486647 40
3796167015 40
3848935587 40
3901727437 40
3954353711 40
4007055328 40
4059815194 40
4112624104 40
4165430314 40
4218199203 40
4270958780 40
28806185 40
81509676 40
134215032 40
186905441 40
239630988 40
292365482 40
345097444 40
397870737 40
450591237 40
503327356 40
556120286 40
608818913 40
661591433 40
714313242 40
767074931 40
819863976 40
872605682 40
925335736 40
978197390 40
1030904640 40
1083566518 40
1136314227 40
1189010810 40
1241724146 40
1294505742 40
1347215716 40
1400014104 40
1452852119 40
1505678216 40
1558380228 40
1611164318 40
1663962004 40
1716729394 40
1769404944 40
1822136843 40
1874829192 40
1927620994 40
1980463147 40
2033309320 40
2086124073 40
2138906988 40
2191747170 40
2244470924 40
2297192507 40
2349958818 40
2402758352 40
2455595446 40
2508435951 40
2561151296 40
2614353833 40
2667089878 40
2719892211 40
2772760852 40
2825540179 40
2880890287 50
2935971206 50
2991009668 50
3045849354 50
3100655400 50
3155966074 50
3210749119 50
3265605790 50
3320591494 50
3375464413 50
3430301653 50
3485086505 50
3539955399 50
3594815354 50
3649725210 50
3704472125 50
3759460639 50
3814275374 50
3869123504 50
3923895615 50
3979030428 50
4033820512 50
4088893000 50
4143708607 50
4198539986 50
4253512038 50
13579362 50
68395462 50
123260458 50
178043260 50
233010258 50
287904064 50
342749910 50
397610002 50
452575914 50
507490615 50
562559533 50
617603664 50
672528602 50
727497369 50
782284165 50
837101626 50
891868558 50
946692562 50
1001469763 50
1056263502 50
1111411633 50
1166200451 50
1221295033 50
1276099539 50
1330914374 50
1385785489 50
1440570399 50
1495355088 50
1550178980 50
1604962960 50
1659811462 50
1714885362 50
1770182958 50
1825193331 50
1880026155 50
1934833894 50
1989837535 50
2044601064 50
2099686012 50
2154709984 50
2209605178 50
2264375082 50
2319289164 50
2374315375 50
2429237139 50
2484103001 50
2538966806 50
2593706724 50
2648478029 50
2703220807 50
2758051884 50
2813075432 50
2868100659 50
2922988452 50
2978058982 50
3032819368 50
3087642170 50
3142529071 50
3197444612 50
3252294261 50
3307104766 50
3362042799 50
3416970674 50
3471821081 50
3526803192 50
3581646268 50
3636743376 50
3691496908 50
3746397238 50
3801184144 50
3856043439 50
3910997174 50
3965962822 50
4020777374 50
4078440071 60
4135639032 60
4192716437 60
4249881210 60
12266262 60
69345182 60
126403443 60
183601961 60
240875310 60
298182767 60
355190312 60
412252300 60
469568203 60
526582300 60
583638134 60
640654896 60
698033071 60
755366639 60
812619062 60
870157689 60
927228181 60
984550148 60
1041563252 60
1098571870 60
1155586829 60
1212722940 60
1269827101 60
1326928052 60
1383978432 60
1441191040 60
1498303068 60
1555376019 60
1612424242 60
1669430903 60
1726606359 60
1783708154 60
1840750192 60
1898070703 60
1955495333 60
2012555979 60
2069567602 60
2126713529 60
2183891986 60
2241310522 60
2298358328 60
2355405186 60
2412485785 60
2469633108 60
2527114462 60
2584156782 60
2641220726 60
2698320032 60
2755349577 60
2812374028 60
2869485468 60
2926582159 60
2983980336 60
3041694070 60
3098996034 60
3156395666 60
3213484605 60
3270516252 60
3327806574 60
3384946147 60
3442206179 60
3499622796 60
3557089824 60
3614426001 60
3671464209 60
3728473958 60
3785528082 60
3842728247 60
3899765499 60
3956839065 60
4014049894 60
4071329816 60
4128300713 60
4185565838 60
4242838691 60
5165199 60
62200580 60
119270946 60
176238624 60
233240372 60
290272598 60
357586991 60
414583508 60
471620011 60
528862482 60
586131033 60
643219076 60
700241376 60
757390024 60
814449430 60
871985590 60
928968872 60
986122996 60
1043426810 60
1100777260 60
1157970932 60
1218436352 70
1278303533 70
1337669560 70
1397404018 70
1456681454 70
1516240226 70
1575820794 70
1635426157 70
1694919004 70
1754447786 70
1813854581 70
1873193238 70
1932810120 70
1992218423 70
2051447416 70
2110687558 70
2169960506 70
2229178352 70
2288642467 70
2348204442 70
2407847332 70
2467879255 70
2527401465 70
2586987288 70
2646330082 70
2705830987 70
2765101234 70
2824550550 70
2884208170 70
2943833540 70
3003558028 70
3062772800 70
3122048722 70
3181680331 70
3241091124 70
3300458818 70
3359665076 70
3418904306 70
3478573149 70
3537844486 70
3597082839 70
3656339092 70
3716026134 70
3775268520 70
3834491684 70
3893781402 70
3953386015 70
4012547754 70
4071767972 70
4131012116 70
4190206381 70
4249445514 70
13744700 70
72992007 70
132249887 70
191845087 70
251107886 70
310382388 70
370046442 70
429505984 70
489100898 70
548342597 70
607823917 70
667277954 70
726560894 70
785806759 70
845264610 70
904834084 70
964135658 70
1023318743 70
1082630984 70
1142002838 70
1201514631 70
1260774410 70
1320128658 70
1379824128 70
1439328617 70
1499255390 70
1558521136 70
1617999943 70
1677196131 70
1736429518 70
1795677945 70
1854920085 70
1914631423 70
1974321148 70
2033880614 70
2093146946 70
2152596948 70
2211899291 70
2271251147 70
2330522619 70
2389818558 70
2449138009 70
2508783990 70
2568858176 70
2628231560 70
2687577870 70
2747128027 70
2806619572 70
2868875544 80
2930893307 80
2992829014 80
3054373471 80
3116996104 80
3178575893 80
3240122490 80
3301719670 80
3363555732 80
3425178546 80
3486741374 80
3548195464 80
3609961145 80
3671831327 80
3733502658 80
3795128817 80
3856900938 80
3918439704 80
3980001660 80
4041488184 80
4103320922 80
4165219794 80
4227053453 80
4288501389 80
55410364 80
117285606 80
179088221 80
240614580 80
302423335 80
364360451 80
425878733 80
487481967 80
549007328 80
610696989 80
672471835 80
734212021 80
795904942 80
857427650 80
918931725 80
980389169 80
1042201979 80
1103731700 80
1165516702 80
1227183312 80
1288696732 80
1350298443 80
1411850617 80
1473516027 80
1535062439 80
1596525767 80
1658107406 80
1719640791 80
1781163164 80
1842702744 80
1904469896 80
1965972897 80
2027708155 80
2089448558 80
2150996499 80
2212845622 80
2274349211 80
2335956451 80
2397698967 80
2459179054 80
2520698917 80
2582264150 80
2643818996 80
2705343245 80
2767016586 80
2828475923 80
2889876796 80
2951228621 80
3012695252 80
3074040846 80
3135789958 80
3197308720 80
3259149336 80
3320769379 80
3382278709 80
3443834560 80
3505581464 80
3567505103 80
3629390274 80
3691343305 80
3753172856 80
3814935513 80
3876586572 80
3938551734 80
4000095322 80
4061641303 80
4123322006 80
4184820873 80
4246367973 80
12913570 80
74455802 80
136327418 80
197917042 80
259822747 80
321361146 80
382857903 80
447752250 90
511790548 90
575742494 90
639470270 90
703253417 90
767052246 90
831144796 90
895229195 90
959127135 90
1023011769 90
1086729884 90
1150710026 90
1214332829 90
1278139196 90
1342019047 90
1405913993 90
1469880413 90
1534077352 90
1598192034 90
1662038168 90
1725971825 90
1789824940 90
1853656494 90
1917577274 90
1981569297 90
2045382288 90
2109269784 90
2173050315 90
2237306866 90
2301257688 90
2365243068 90
2429257690 90
2493297036 90
2557145908 90
2621149622 90
2685046072 90
2748822908 90
2812672354 90
2876822393 90
2940778063 90
3004580624 90
3068516304 90
3132430745 90
3196403528 90
3260216537 90
3324227304 90
3388315919 90
3452194733 90
3516311029 90
3580059095 90
3644080550 90
3708126259 90
3772049594 90
3835791601 90
3899970985 90
3963831646 90
4027721062 90
4091561049 90
4155386552 90
4219172404 90
4283071781 90
52108765 90
115956103 90
179797585 90
243750907 90
307697099 90
371559838 90
435489469 90
499590868 90
563575641 90
627548562 90
691924384 90
755908381 90
819909215 90
883755284 90
947743454 90
1011806950 90
1075871572 90
1139904182 90
1204115645 90
1267875780 90
1331796214 90
1395856414 90
1459937854 90
1523912881 90
1587902105 90
1651873952 90
1716242770 90
1780105935 90
1844055133 90
1907931258 90
1971973176 90
2035716071 90
2099828751 90
2163811275 90
2228280350 90
2292195952 90
2356184468 90
2420295880 90
2484334976 90
