250258525 1
293958395 1
337630271 1
381322988 1
424992532 1
468692060 1
512380767 1
556049722 1
599750173 1
643449687 1
687151270 1
730884600 1
774595727 1
818294589 1
861977216 1
905677868 1
949375545 1
993073216 1
1036774649 1
1080473409 1
1124185755 1
1167877104 1
1211593802 1
1255321082 1
1299046616 1
1342774960 1
1386510688 1
1430232148 1
1473986534 1
1517693482 1
1561441848 1
1605165712 1
1648899498 1
1692640966 1
1736387666 1
1780095243 1
1823825884 1
1867561175 1
1911307333 1
1955041191 1
1998755306 1
2042501757 1
2086197092 1
2129924241 1
2173627706 1
2217367335 1
2261115924 1
2304833072 1
2348562087 1
2392297978 1
2436022402 1
2479746187 1
2523501124 1
2567209626 1
2610952921 1
2654671626 1
2698394966 1
2742094872 1
2785827238 1
2829536347 1
2873271970 1
2916984000 1
2960741490 1
3004464170 1
3048191948 1
3091904178 1
3135623218 1
3179346175 1
3223068336 1
3266800149 1
3310522376 1
3354250008 1
3397962773 1
3441678684 1
3485538735 1
3529243736 1
3572950840 1
3616663138 1
3660380044 1
3704073058 1
3747774810 1
3791542186 1
3835292112 1
3879028507 1
3922745288 1
3966472650 1
4010187751 1
4055347684 1
4099057292 1
4142776972 1
4186478644 1
4230183061 1
4273912965 1
22664928 1
66421337 1
110150857 1
153911880 1
197628366 1
241366742 1
285105916 1
331053599 10
376955277 10
422816851 10
468656370 10
514483335 10
560341776 10
606237546 10
652090102 10
697933854 10
743750450 10
789604138 10
837029264 10
882879312 10
928746134 10
974627011 10
1020495222 10
1066376290 10
1112240752 10
1158105127 10
1203956944 10
1249803463 10
1295639374 10
1341951892 10
1387828118 10
1433665105 10
1479515226 10
1525330608 10
1571168958 10
1616982310 10
1662785029 10
1708631352 10
1754492878 10
1800327833 10
1846632522 10
1892489056 10
1938327474 10
1984211410 10
2030078282 10
2075935320 10
2121816402 10
2167679122 10
2213543889 10
2259390315 10
2305230381 10
2351569651 10
2397432403 10
2443289638 10
2489117896 10
2534942072 10
2580816861 10
2626655589 10
2672498782 10
2718345112 10
2764207273 10
2810063141 10
2856320663 10
2902156073 10
2948015181 10
2993888286 10
3039747553 10
3085603673 10
3131435021 10
3177303811 10
3223151832 10
3269020269 10
3314916348 10
3360812517 10
3406643327 10
3452486424 10
3498337667 10
3544161458 10
3590027920 10
3635878024 10
3681735579 10
3727583119 10
3773437139 10
3819298364 10
3865119631 10
3911423232 10
3957263812 10
4003121644 10
4048975006 10
4094811154 10
4140642255 10
4186542744 10
4232366354 10
4278214412 10
29074033 10
74912334 10
121189280 10
167025272 10
212877894 10
258753244 10
304604438 10
350428935 10
396266146 10
442118588 10
487966612 10
533803379 10
579659040 10
628478538 20
676703714 20
724860289 20
772978479 20
821134616 20
869279898 20
917438024 20
965608070 20
1013764050 20
1061891286 20
1109979853 20
1158538978 20
1206659634 20
1254783759 20
1302873121 20
1350948714 20
1399088416 20
1447190638 20
1495338357 20
1543447350 20
1591550097 20
1639672540 20
1687800003 20
1735991763 20
1784126100 20
1832229579 20
1880364584 20
1928509488 20
1976655182 20
2024755229 20
2072863227 20
2121020058 20
2169131398 20
2217274769 20
2265368308 20
2313494571 20
2361602153 20
2409715444 20
2457829261 20
2505922657 20
2554043872 20
2602128374 20
2650263156 20
2698433068 20
2746506499 20
2794664823 20
2843712630 20
2891831972 20
2939937336 20
2988032865 20
3036143155 20
3084232184 20
3132342855 20
3180452432 20
3228533808 20
3276659296 20
3324776796 20
3372889778 20
3420975016 20
3469070390 20
3517208267 20
3565291523 20
3613412517 20
3661547442 20
3709635536 20
3757728446 20
3805833821 20
3853925712 20
3902066242 20
3950566014 20
3998639084 20
4046769987 20
4094907132 20
4143039634 20
4191139995 20
4239229494 20
4287417396 20
40572181 20
88635162 20
136768092 20
185297360 20
233379023 20
281450734 20
329572350 20
377675630 20
425803440 20
473912005 20
522004671 20
570123450 20
618232278 20
666349696 20
714838880 20
762966680 20
811075697 20
859198182 20
907291476 20
955414263 20
1003506949 20
1051607223 20
1099733578 20
1150344570 30
1200803796 30
1251294942 30
1301643787 30
1352047977 30
1402406332 30
1452861167 30
1503260512 30
1553625372 30
1603999742 30
1654455851 30
1704898803 30
1755269576 30
1805705682 30
1856115036 30
1906457332 30
1956800261 30
2007124614 30
2057506282 30
2107903381 30
2158341531 30
2208738145 30
2259164677 30
2309566215 30
2360656984 30
2411066014 30
2461493228 30
2511856343 30
2562267888 30
2612689195 30
2663122988 30
2713491678 30
2763854278 30
2814242272 30
2864663271 30
2915011938 30
2965432936 30
3015846363 30
3066248947 30
3116650239 30
3167080821 30
3217484522 30
3267883307 30
3318311119 30
3368774623 30
3419203050 30
3469602298 30
3519997948 30
3570391489 30
3620840635 30
3671323692 30
3721687336 30
3772107702 30
3822569189 30
3872988227 30
3923421432 30
3973777192 30
4024134486 30
4074565402 30
4124988932 30
4175369811 30
4225758625 30
4276122722 30
31480128 30
81807517 30
132232679 30
182554310 30
233320942 30
283755303 30
334129316 30
384497756 30
434805040 30
485134880 30
535442204 30
585766514 30
636133044 30
686622070 30
737456994 30
787895284 30
838285554 30
888735018 30
939124063 30
989489079 30
1039949160 30
1090359976 30
1140751797 30
1191166071 30
1242269724 30
1292676240 30
1343041579 30
1393408381 30
1443757906 30
1494074722 30
1544502538 30
1594923736 30
1645342567 30
1695757654 30
1746260562 30
1796699094 30
1847144254 30
1900344702 40
1953133907 40
2005864114 40
2058643044 40
2111442699 40
2164139364 40
2216828665 40
2269567317 40
2322337162 40
2375001617 40
2427709054 40
2480420977 40
2533164928 40
2585924046 40
2638655729 40
2691344499 40
2744082095 40
2796882706 40
2849662334 40
2902481646 40
2955210008 40
3008025703 40
3060828438 40
3113572642 40
3166325462 40
3219096093 40
3271771466 40
3324569992 40
3377225788 40
3429928181 40
3482672316 40
3535498875 40
3588281228 40
3641066328 40
3693847496 40
3746619688 40
3799297996 40
3852073428 40
3904857055 40
3957489110 40
4010185037 40
4062957347 40
4115757138 40
4168562730 40
4221326162 40
4274089329 40
31923844 40
84643262 40
137342379 40
190035772 40
242757769 40
295491987 40
348221755 40
401002880 40
453716387 40
506465120 40
559254443 40
611948395 40
664717599 40
717441794 40
770205515 40
822995906 40
875736633 40
928464768 40
981329392 40
1034026208 40
1086693346 40
1139451235 40
1192146066 40
1244855880 40
1297644981 40
1350340508 40
1403140798 40
1455990536 40
1508799144 40
1561519803 40
1614301326 40
1667096328 40
1719857370 40
1772524343 40
1825260652 40
1877956298 40
1930739319 40
1983596349 40
2036446367 40
2089258413 40
2142036246 40
2194867432 40
2247597320 40
2300318422 40
2353088024 40
2405888774 40
2458726804 40
2511571912 40
2564285408 40
2617492024 40
2670217865 40
2723030152 40
2775885777 40
2828677716 40
2884019958 50
2939103435 50
2994144236 50
3048983907 50
3103778954 50
3159085828 50
3213878831 50
3268742224 50
3323724266 50
3378591745 50
3433432496 50
3488217108 50
3543078147 50
3597952694 50
3652860303 50
3707606713 50
3762601069 50
3817399320 50
3872257930 50
3927020503 50
3982166757 50
4036948392 50
4092026494 50
4146836006 50
4201665900 50
4256650329 50
16708019 50
71528086 50
126397616 50
181175630 50
236142994 50
291029563 50
345880883 50
400743004 50
455702074 50
510625078 50
565680291 50
620732191 50
675664544 50
730631278 50
785414623 50
840228602 50
895005556 50
949829438 50
1004591807 50
1059391679 50
1114540628 50
1169334628 50
1224427109 50
1279227815 50
1334047934 50
1388918804 50
1443703250 50
1498481075 50
1553309983 50
1608091762 50
1662936333 50
1718013543 50
1773311147 50
1828326570 50
1883159236 50
1937966670 50
1992971913 50
2047735641 50
2102821112 50
2157840073 50
2212737604 50
2267510810 50
2322431316 50
2377449804 50
2432374782 50
2487244854 50
2542084499 50
2596843225 50
2651605216 50
2706356155 50
2761192794 50
2816202786 50
2871236668 50
2926111312 50
2981180393 50
3035943482 50
3090771486 50
3145667764 50
3200580039 50
3255436730 50
3310240147 50
3365188098 50
3420103612 50
3474948527 50
3529938511 50
3584780293 50
3639868406 50
3694636174 50
3749532762 50
3804308780 50
3859175336 50
3914136463 50
3969096124 50
4023912632 50
4081568885 60
4138778761 60
4195841269 60
4253016392 60
15397862 60
72485102 60
129531785 60
186736946 60
244014000 60
301309173 60
358316889 60
415380512 60
472694755 60
529706415 60
586769936 60
643785071 60
701163700 60
758502504 60
815748675 60
873289412 60
930364160 60
987677972 60
1044690717 60
1101699044 60
1158716410 60
1215855864 60
1272961809 60
1330057578 60
1387111098 60
1444322359 60
1501439188 60
1558504876 60
1615551166 60
1672555591 60
1729739822 60
1786846048 60
1843877785 60
1901204027 60
1958627950 60
2015686932 60
2072693608 60
2129843265 60
2187025873 60
2244439947 60
2301481662 60
2358536268 60
2415614218 60
2472769546 60
2530243288 60
2587287462 60
2644356208 60
2701456372 60
2758481043 60
2815504842 60
2872616410 60
2929711443 60
2987111752 60
3044816914 60
3102128195 60
3159527058 60
3216609329 60
3273647413 60
3330939374 60
3388076460 60
3445336844 60
3502754964 60
3560219862 60
3617549758 60
3674591167 60
3731606163 60
3788654476 60
3845862409 60
3902892452 60
3959966285 60
4017174862 60
4074450480 60
4131432862 60
4188690530 60
4245976076 60
8293792 60
65337902 60
122403099 60
179374582 60
236373582 60
293404885 60
360718694 60
417706986 60
474747100 60
531992044 60
589266391 60
646349882 60
703371157 60
760520915 60
817584289 60
875120708 60
932090988 60
989253662 60
1046563768 60
1103909909 60
1161094346 60
1221576632 70
1281442890 70
1340804152 70
1400524421 70
1459816614 70
1519370009 70
1578960040 70
1638554625 70
1698047514 70
1757572568 70
1816990786 70
1876323936 70
1935944822 70
1995351378 70
2054579524 70
2113817337 70
2173094108 70
2232310008 70
2291778044 70
2351335240 70
2410976324 70
2471012980 70
2530540680 70
2590122747 70
2649462517 70
2708967850 70
2768226970 70
2827689997 70
2887338227 70
2946973788 70
3006692302 70
3065904098 70
3125182855 70
3184818722 70
3244223470 70
3303593711 70
3362798168 70
3422032045 70
3481697502 70
3540974992 70
3600214092 70
3659470222 70
3719150848 70
3778404593 70
3837624629 70
3896908779 70
3956522741 70
4015672648 70
4074900806 70
4134140455 70
4193344327 70
4252581205 70
16872671 70
76120370 70
135384800 70
194977773 70
254238890 70
313499793 70
373181066 70
432639022 70
492228008 70
551471277 70
610950792 70
670408582 70
729696913 70
788933230 70
848392661 70
907977712 70
967265618 70
1026444790 70
1085766856 70
1145136139 70
1204648246 70
1263905761 70
1323261727 70
1382946966 70
1442455944 70
1502378278 70
1561652813 70
1621134130 70
1680324755 70
1739568356 70
1798814709 70
1858046001 70
1917766047 70
1977452933 70
2037006303 70
2096275409 70
2155725316 70
2215025573 70
2274387278 70
2333643660 70
2392961078 70
2452269702 70
2511925608 70
2571995723 70
2631360332 70
2690726917 70
2750257524 70
2809749082 70
2872005848 80
2934033328 80
2995958300 80
3057501462 80
3120127088 80
3181710257 80
3243244862 80
3304858076 80
3366687930 80
3428304965 80
3489866697 80
3551325006 80
3613094150 80
3674965171 80
3736633867 80
3798262959 80
3860035686 80
3921574918 80
3983138944 80
4044623832 80
4106454098 80
4168362656 80
4230189553 80
4291640343 80
58543393 80
120417680 80
182227047 80
243741294 80
305555589 80
367488500 80
428997983 80
490612356 80
552145445 80
613831510 80
675613751 80
737348106 80
799042884 80
860565364 80
922059735 80
983520446 80
1045338537 80
1106866743 80
1168650042 80
1230317638 80
1291829835 80
1353430453 80
1414989376 80
1476651721 80
1538197404 80
1599664239 80
1661243760 80
1722762905 80
1784295674 80
1845824970 80
1907610000 80
1969109360 80
2030846887 80
2092583748 80
2154129588 80
2215976430 80
2277482565 80
2339086504 80
2400831608 80
2462314775 80
2523826461 80
2585402019 80
2646951631 80
2708479536 80
2770146114 80
2831605564 80
2893015511 80
2954363130 80
3015836180 80
3077175507 80
3138921810 80
3200442630 80
3262275623 80
3323900378 80
3385407497 80
3446970051 80
3508707463 80
3570635866 80
3632521307 80
3694469031 80
3756311007 80
3818070555 80
3879722139 80
3941681488 80
4003227480 80
4064768341 80
4126453830 80
4187956857 80
4249498784 80
16045769 80
77598328 80
139459139 80
201059101 80
262956117 80
324490304 80
385983976 80
450888491 90
514917686 90
578872882 90
642603033 90
706388702 90
770187603 90
834276656 90
898362923 90
962257287 90
1026141678 90
1089857603 90
1153844269 90
1217465089 90
1281278666 90
1345144968 90
1409042995 90
1473011923 90
1537202877 90
1601332837 90
1665175105 90
1729099261 90
1792956641 90
1856782790 90
1920710111 90
1984694804 90
2048514672 90
2112405731 90
2176174766 90
2240440763 90
2304383565 90
2368378987 90
2432394706 90
2496423861 90
2560279513 90
2624282592 90
2688176432 90
2751951413 90
2815807973 90
2879957712 90
2943905056 90
3007708382 90
3071644841 90
3135564166 90
3199542704 90
3263351330 90
3327356572 90
3391446834 90
3455329094 90
3519444431 90
3583191322 90
3647212100 90
3711254990 90
3775173034 90
3838918625 90
3903105140 90
3966961272 90
4030848622 90
4094688600 90
4158519585 90
4222306964 90
4286202480 90
55240069 90
119085262 90
182926338 90
246881044 90
310836059 90
374686346 90
438616868 90
502716910 90
566705310 90
630675139 90
695062648 90
759044096 90
823040494 90
886874098 90
950875216 90
1014942094 90
1079010409 90
1143038616 90
1207246838 90
1270996206 90
1334930010 90
1398989846 90
1463071845 90
1527041405 90
1591028786 90
1655001833 90
1719372632 90
1783230398 90
1847186246 90
1911056109 90
1975107004 90
2038848934 90
2102964230 90
2166941437 90
2231409823 90
2295327579 90
2359315266 90
2423429990 90
2487472369 90
