2506941021 1
2551794279 1
2596608993 1
2641427641 1
2686249210 1
2731073812 1
2775898702 1
2820716194 1
2865531348 1
2910366478 1
2955206630 1
3000074319 1
3044916092 1
3089780751 1
3134689266 1
3179510556 1
3224360064 1
3269199711 1
3314070189 1
3358908091 1
3403752565 1
3448585027 1
3494047845 1
3538891269 1
3583730163 1
3628613994 1
3673460215 1
3718307963 1
3763153722 1
3807981899 1
3852836554 1
3897699827 1
3942531559 1
3987381303 1
4032644828 1
4077508193 1
4122347381 1
4167214542 1
4212181919 1
4257045466 1
6947494 1
51821621 1
96682219 1
141555361 1
186414847 1
231283716 1
276660739 1
321513374 1
366377608 1
411242091 1
456121433 1
501011853 1
545895268 1
590776803 1
635675334 1
680563352 1
725422909 1
770291324 1
815180585 1
860044103 1
904972044 1
949824738 1
994700688 1
1039569026 1
1084452378 1
1129288187 1
1174153859 1
1219095969 1
1263935874 1
1308782197 1
1353637772 1
1398539779 1
1443419742 1
1488301126 1
1533157458 1
1578025408 1
1622883156 1
1667760317 1
1712650712 1
1757526911 1
1802436760 1
1847417819 1
1892286255 1
1937159417 1
1982063486 1
2026917467 1
2071786592 1
2116671596 1
2161537829 1
2206449920 1
2251323763 1
2296266654 1
2341150318 1
2386043412 1
2431001954 1
2475873851 1
2520738219 1
2566338094 1
2611201559 1
2656063172 1
2748162701 10
2795197256 10
2842185607 10
2889222831 10
2936231776 10
2983229666 10
3030231233 10
3077646597 10
3124608637 10
3171580799 10
3218535913 10
3265479953 10
3312458691 10
3359456770 10
3406421592 10
3453398293 10
3500384595 10
3547396669 10
3594418956 10
3641411228 10
3688393289 10
3735422109 10
3782420876 10
3829463332 10
3876496140 10
3923465910 10
3970440139 10
4017439532 10
4064414598 10
4111423393 10
4158845717 10
4205867457 10
4252861973 10
4917929 10
51911787 10
98906686 10
145836627 10
192836821 10
239792115 10
286754043 10
333722483 10
380742978 10
427724838 10
474734771 10
521756030 10
568752016 10
615746513 10
662762099 10
709813723 10
756818671 10
803812750 10
850822529 10
897826894 10
944890925 10
991878450 10
1038889171 10
1085862594 10
1132902288 10
1179912979 10
1226929462 10
1273940762 10
1320935411 10
1367927865 10
1414927655 10
1461958893 10
1508995947 10
1555998731 10
1602999305 10
1650006605 10
1696993683 10
1744028231 10
1791048494 10
1838075317 10
1885111860 10
1932066074 10
1979051901 10
2026027098 10
2073044554 10
2120047630 10
2167070523 10
2214070255 10
2261074933 10
2308071150 10
2355052758 10
2402047886 10
2449046677 10
2496067700 10
2543092048 10
2590099951 10
2637143924 10
2684160851 10
2731189710 10
2778180950 10
2825181006 10
2872180409 10
2919196873 10
2966207271 10
3013276314 10
3060307047 10
3107338435 10
3246968164 20
3296320016 20
3345677432 20
3395053969 20
3444423252 20
3493764821 20
3543154260 20
3592525952 20
3641889692 20
3691231402 20
3740581423 20
3789960361 20
3839340987 20
3888744199 20
3938147963 20
3987506460 20
4036926722 20
4086261012 20
4135629183 20
4184988639 20
4234398896 20
4283745671 20
38165694 20
87574012 20
136951061 20
186324485 20
235721664 20
285108946 20
334488606 20
383862067 20
433249106 20
482604205 20
531980945 20
581424924 20
630813424 20
680227678 20
729631500 20
779011439 20
828391911 20
877764075 20
927173844 20
976548365 20
1025926763 20
1075326554 20
1124691801 20
1174085765 20
1223404308 20
1272821564 20
1322211537 20
1371556388 20
1421004465 20
1470396719 20
1519765444 20
1569127346 20
1618536254 20
1667885897 20
1717265673 20
1766644207 20
1815993861 20
1865896169 20
1915255399 20
1964664619 20
2014045939 20
2063503030 20
2112890992 20
2162243526 20
2211633263 20
2261009505 20
2310397654 20
2359874202 20
2409312559 20
2458703063 20
2508097220 20
2557445812 20
2606850831 20
2656254550 20
2705635484 20
2755050348 20
2804447136 20
2853775478 20
2903116050 20
2952499480 20
3002435617 20
3051822631 20
3101226024 20
3150585412 20
3200044077 20
3249445279 20
3298843815 20
3348217723 20
3397625775 20
3447004907 20
3496378118 20
3545796044 20
3595197456 20
3644576157 20
3693944692 20
3743334913 20
3792750788 20
3842128407 20
4028747838 30
4080306790 30
4131743064 30
4183399577 30
4234914707 30
4286637973 30
43213005 30
94821517 30
146386875 30
198067036 30
249830194 30
301537249 30
353063753 30
404597292 30
456076438 30
507798961 30
559329370 30
610852405 30
662519673 30
714096914 30
765573397 30
817074901 30
868707221 30
920272606 30
971817158 30
1023409821 30
1074949023 30
1126447970 30
1178057772 30
1229610895 30
1281170483 30
1332672835 30
1384389485 30
1436093112 30
1487666707 30
1539175134 30
1590753458 30
1642258181 30
1693755503 30
1745316602 30
1796978514 30
1848609019 30
1900071209 30
1951578651 30
2003057796 30
2054783049 30
2106312958 30
2157912466 30
2209663834 30
2261294882 30
2312806488 30
2364409467 30
2415914239 30
2467415274 30
2519123341 30
2570719391 30
2622682633 30
2674220856 30
2725777645 30
2777401930 30
2829123594 30
2880633177 30
2932220979 30
2983820879 30
3035486894 30
3086973964 30
3139140298 30
3190750119 30
3242219472 30
3293780921 30
3345432268 30
3396935731 30
3448421802 30
3499929149 30
3551418857 30
3602939859 30
3654838920 30
3706317735 30
3757771231 30
3809279953 30
3860784529 30
3912471808 30
3963977672 30
4015526291 30
4067004678 30
4118527045 30
4170503541 30
4222000470 30
4273480333 30
30102533 30
81734220 30
133231441 30
184728415 30
236483876 30
287993192 30
339707365 30
391659846 30
443219163 30
494814225 30
546492352 30
780427457 40
834250985 40
887971915 40
941616201 40
995358584 40
1049045189 40
1102879924 40
1156468570 40
1210151787 40
1263733880 40
1317237063 40
1371022773 40
1424661847 40
1478612428 40
1532167587 40
1585895513 40
1639611128 40
1693348771 40
1747034547 40
1800752306 40
1854275740 40
1908091656 40
1961666001 40
2015703937 40
2069229259 40
2122873534 40
2176390767 40
2230010876 40
2283606041 40
2337153857 40
2390882987 40
2444635342 40
2498400667 40
2551994878 40
2605617309 40
2659266993 40
2712862594 40
2766587617 40
2820368145 40
2874154243 40
2927691037 40
2981430947 40
3035167526 40
3089764615 40
3143526450 40
3197161213 40
3251027918 40
3304750627 40
3358303429 40
3412140247 40
3465922606 40
3519637549 40
3573381761 40
3626935918 40
3680662737 40
3734207428 40
3787849684 40
3841655029 40
3895364032 40
3948882985 40
4002459707 40
4056200676 40
4109840282 40
4163623191 40
4217173485 40
4270675340 40
29353918 40
82978921 40
136700975 40
190322748 40
244116239 40
297884160 40
351607185 40
405162926 40
458742536 40
512474267 40
566210792 40
619771696 40
673505973 40
727338657 40
780932450 40
834671556 40
888385987 40
942230656 40
995810157 40
1049519151 40
1103732218 40
1157479125 40
1211356146 40
1265068625 40
1318664665 40
1372288132 40
1426088985 40
1479871842 40
1533596567 40
1587258745 40
1640988623 40
1694570746 40
1748123353 40
1801869845 40
2083574956 50
2139297805 50
2195219171 50
2251185565 50
2306885244 50
2362836437 50
2418827139 50
2474536148 50
2530314352 50
2586082951 50
2641745783 50
2697438435 50
2753836641 50
2809653271 50
2865702232 50
2921350239 50
2977214259 50
3033312126 50
3089281500 50
3145211429 50
3200896388 50
3256822583 50
3312818889 50
3368746055 50
3424730987 50
3480606464 50
3536522481 50
3592498797 50
3648512752 50
3704191008 50
3760147870 50
3816328576 50
3872278359 50
3928279497 50
3984348348 50
4040324462 50
4096066136 50
4152064508 50
4207837440 50
4263917157 50
25467999 50
81435348 50
137413169 50
193295975 50
249307067 50
305196243 50
360847195 50
416776361 50
472804080 50
529212850 50
585212576 50
641275990 50
697280376 50
753324094 50
809199693 50
865163855 50
921173742 50
977242582 50
1033087042 50
1089026295 50
1144752754 50
1200717630 50
1256397806 50
1312349017 50
1368163447 50
1424036138 50
1480027220 50
1535987799 50
1591957114 50
1647708746 50
1703405671 50
1759145667 50
1815025250 50
1870677923 50
1926682046 50
1982568950 50
2038578400 50
2094559561 50
2151064399 50
2207093046 50
2263022980 50
2318859341 50
2374806175 50
2430574886 50
2486407750 50
2542243163 50
2597924927 50
2654360788 50
2710150410 50
2766163379 50
2822180710 50
2878139762 50
2933835563 50
2989446939 50
3045306460 50
3101299341 50
3157755498 50
3213752462 50
3269666142 50
3325468626 50
3653983695 60
3712285058 60
3770253353 60
3828933844 60
3886628329 60
3944396192 60
4002189601 60
4060428705 60
4119104132 60
4176978690 60
4234912600 60
4293667932 60
57108043 60
114987150 60
172788234 60
230629454 60
289050302 60
346833507 60
405294720 60
463049484 60
521794898 60
580097658 60
638516416 60
696940743 60
754702995 60
812429585 60
870245282 60
928700625 60
986487615 60
1044761499 60
1102594203 60
1160851244 60
1218644551 60
1276470822 60
1334314015 60
1392327315 60
1450209988 60
1508032234 60
1567104110 60
1625847483 60
1683611920 60
1742031583 60
1800192798 60
1857924107 60
1915668952 60
1973432516 60
2031164586 60
2090198161 60
2148483629 60
2206283874 60
2264773759 60
2322569707 60
2380464873 60
2438213706 60
2495997070 60
2554674007 60
2613225084 60
2671022866 60
2728857704 60
2786668869 60
2844801518 60
2902582784 60
2961002264 60
3019294895 60
3077147050 60
3136349082 60
3194645766 60
3252431286 60
3310273063 60
3368043348 60
3426548059 60
3484317178 60
3542147575 60
3600819671 60
3658973501 60
3717301546 60
3775061193 60
3833531395 60
3891387722 60
3949203824 60
4007032632 60
4064865448 60
4122684690 60
4180652667 60
4239211304 60
2065761 60
60019235 60
118456485 60
176262888 60
235028131 60
292797208 60
350694528 60
408451534 60
466699684 60
524874621 60
582596947 60
640399444 60
698135173 60
755950416 60
813834598 60
1190226467 70
1251507600 70
1311471446 70
1371444519 70
1431496436 70
1491393391 70
1551504110 70
1611582649 70
1672400723 70
1732376219 70
1792360420 70
1852377231 70
1912434488 70
1972860117 70
2033657922 70
2093620651 70
2153906887 70
2214445961 70
2274495504 70
2335481668 70
2396779426 70
2456783126 70
2517544958 70
2577925865 70
2638208097 70
2698800384 70
2758857846 70
2818861014 70
2878854763 70
2939511575 70
2999424500 70
3059490463 70
3119443895 70
3179958014 70
3239903840 70
3299889843 70
3359999835 70
3419918921 70
3480133751 70
3540650018 70
3600787718 70
3661847717 70
3721925474 70
3781930743 70
3842995233 70
3904054919 70
3964076437 70
4025216645 70
4085821915 70
4146349140 70
4206350619 70
4266758636 70
31790683 70
92801732 70
153501587 70
213397869 70
273950592 70
333906758 70
393794446 70
453814264 70
514889722 70
575022469 70
635696962 70
695671470 70
756199487 70
817415021 70
877341328 70
938413979 70
998422703 70
1059501474 70
1119513728 70
1180609631 70
1241315964 70
1302061965 70
1362100183 70
1422884431 70
1482778583 70
1543176132 70
1603200965 70
1663099474 70
1723116265 70
1784159686 70
1844046407 70
1904015244 70
1964036207 70
2024006702 70
2084738496 70
2145125801 70
2205045586 70
2266129826 70
2326459382 70
2387453143 70
2448494319 70
2509374744 70
2569461579 70
2629562559 70
2689536698 70
2750560622 70
2810610372 70
2871643774 70
3294509191 80
3357100643 80
3419568381 80
3481869546 80
3544135863 80
3606564639 80
3669034841 80
3731898509 80
3794436113 80
3857048248 80
3919430009 80
3982200661 80
4044614703 80
4107087763 80
4169490496 80
4232297450 80
4294931347 80
62671687 80
125001567 80
187750360 80
250211554 80
313016344 80
375733345 80
438303864 80
501067123 80
563743588 80
626497071 80
688830075 80
751367349 80
813753837 80
876556186 80
939218904 80
1001653761 80
1064035841 80
1126263041 80
1188834928 80
1251297222 80
1314030175 80
1376422150 80
1439022146 80
1501824742 80
1564466942 80
1626855335 80
1689218795 80
1751798135 80
1814774723 80
1877572857 80
1940330140 80
2002643295 80
2064957683 80
2127725368 80
2190071737 80
2252327209 80
2315404415 80
2377986916 80
2440821801 80
2503198623 80
2565843360 80
2628356411 80
2690904319 80
2753155199 80
2816601036 80
2878966437 80
2941458112 80
3003855392 80
3066161274 80
3128998815 80
3191726760 80
3254272406 80
3317353663 80
3380031597 80
3442730745 80
3505527518 80
3568217468 80
3631005912 80
3693286601 80
3755917448 80
3819012660 80
3881817111 80
3944487469 80
4006743932 80
4069400882 80
4132150027 80
4194697068 80
4257418137 80
25175414 80
87490832 80
150184066 80
212429070 80
274835656 80
337578960 80
399945750 80
462312236 80
524781411 80
587432869 80
649918027 80
712448217 80
775104315 80
837411410 80
900076543 80
1370866059 90
1436330469 90
1501672070 90
1567039241 90
1631426900 90
1695874118 90
1760229341 90
1825735500 90
1890816493 90
1956543816 90
2020896246 90
2086165244 90
2151427417 90
2217036701 90
2282290978 90
2346628440 90
2411011675 90
2476479562 90
2540844807 90
2605205461 90
2669506656 90
2735073897 90
2799791748 90
2865026009 90
2929806355 90
2994260173 90
3059160703 90
3123645343 90
3187969599 90
3252315638 90
3316635180 90
3380983710 90
3445359503 90
3510930867 90
3576358127 90
3641249407 90
3705584986 90
3769968988 90
3835536562 90
3900634557 90
3965497354 90
4029796110 90
4095040730 90
4159560179 90
4224045498 90
4288306358 90
57742093 90
122784587 90
187280550 90
251643507 90
316552981 90
382153576 90
446496406 90
511173390 90
575490551 90
639886725 90
705482608 90
771063086 90
836329207 90
900632140 90
965608655 90
1029950866 90
1094296786 90
1159660975 90
1224927381 90
1290062839 90
1354400936 90
1418717728 90
1483109496 90
1547852788 90
1612231131 90
1677511813 90
1741821021 90
1806653805 90
1872266373 90
1937023602 90
2002167179 90
2066571501 90
2130925901 90
2195295634 90
2259825744 90
2324720688 90
2389053429 90
2453989159 90
2519126130 90
2583786948 90
2649182439 90
2714753815 90
2779036615 90
2844591632 90
2910188759 90
2974548852 90
3039126353 90
3103935676 90
3168638019 90
3232930461 90
3297327865 90
3361705696 90
3426386620 90
3490753824 90
