1538748583 1
1577183914 1
1615599604 1
1654023191 1
1692442758 1
1730877557 1
1769297698 1
1807713884 1
1846123973 1
1884558694 1
1922979267 1
1961415408 1
1999870146 1
2038296962 1
2076730262 1
2115145852 1
2153587546 1
2192012137 1
2230452713 1
2268897833 1
2307330429 1
2345730699 1
2384183947 1
2422638568 1
2461073509 1
2499503770 1
2537947924 1
2577122413 1
2615560404 1
2654021560 1
2692466449 1
2730903474 1
2769357028 1
2807818613 1
2846274357 1
2884733332 1
2923185518 1
2961635174 1
3000091656 1
3038516726 1
3077423376 1
3115857745 1
3154319596 1
3192765985 1
3231242502 1
3269703460 1
3308153695 1
3346633234 1
3385090948 1
3423555730 1
3462012043 1
3500471316 1
3538915816 1
3577379038 1
3615815538 1
3654250051 1
3692695668 1
3731159588 1
3769591098 1
3808018851 1
3846455724 1
3884893826 1
3923337726 1
3961797738 1
4000249990 1
4038699168 1
4077153950 1
4115599753 1
4154075422 1
4192531986 1
4231000178 1
4269464690 1
12953293 1
51393602 1
89807312 1
128251520 1
166678707 1
205118260 1
243567799 1
282022127 1
320468672 1
358996205 1
397454692 1
435941832 1
474395624 1
512859131 1
551318586 1
589779266 1
628239705 1
666693906 1
705143196 1
743582024 1
782032751 1
820492887 1
858956286 1
897421306 1
935895772 1
974369667 1
1012840474 1
1051305865 1
1089905124 10
1130623830 10
1171230967 10
1211836560 10
1252454394 10
1293079722 10
1333709087 10
1374332027 10
1414963825 10
1455610237 10
1496224558 10
1536854487 10
1577498002 10
1618147772 10
1658793420 10
1699423860 10
1740062066 10
1780723749 10
1821355293 10
1862010206 10
1902645290 10
1943287131 10
1983899142 10
2024980087 10
2065574660 10
2106180910 10
2146800514 10
2187411717 10
2228042819 10
2268657574 10
2309270763 10
2349880629 10
2390501487 10
2431101999 10
2471684758 10
2512277998 10
2552865103 10
2593454702 10
2634080399 10
2674675436 10
2715268400 10
2755878739 10
2796535559 10
2837157645 10
2877799444 10
2918428967 10
2959052814 10
2999686533 10
3040342532 10
3081008786 10
3121644740 10
3162273230 10
3202895853 10
3243526734 10
3284174728 10
3324824960 10
3365433533 10
3406088193 10
3446747614 10
3487371536 10
3528009408 10
3568640778 10
3609273329 10
3649924840 10
3690564582 10
3731205922 10
3771811999 10
3812435806 10
3853050096 10
3893666771 10
3934277708 10
3974893292 10
4015492954 10
4056149906 10
4096736708 10
4137330870 10
4177936880 10
4218510318 10
4259126288 10
4762585 10
45373260 10
86023069 10
126673392 10
167291795 10
207906856 10
248531655 10
289171566 10
329798249 10
370443208 10
411078927 10
451765514 10
492417232 10
533074652 10
573714463 10
614320044 10
654975060 10
695596116 10
736213126 10
776849626 10
817499250 10
858227998 20
901301048 20
944205437 20
987518632 20
1030438285 20
1073331144 20
1116232490 20
1159089310 20
1201932807 20
1244793821 20
1287634600 20
1330469840 20
1373324696 20
1416163266 20
1459023803 20
1501890749 20
1544754420 20
1587603292 20
1630458784 20
1673330972 20
1716219845 20
1759059344 20
1801889640 20
1844702186 20
1887535748 20
1930394765 20
1973253056 20
2016108886 20
2059405784 20
2102269777 20
2145135478 20
2187995154 20
2230857074 20
2273724544 20
2316571636 20
2359390704 20
2402224238 20
2445052331 20
2487847056 20
2530670116 20
2573497999 20
2616350895 20
2659206128 20
2702066168 20
2744947873 20
2787798198 20
2830635516 20
2873478255 20
2916311500 20
2959144890 20
3001967002 20
3044779790 20
3087630841 20
3130869297 20
3173697283 20
3216539524 20
3259379249 20
3302207774 20
3345023755 20
3387827689 20
3430657740 20
3473489003 20
3516282803 20
3559119368 20
3601957275 20
3644752705 20
3687561902 20
3730398045 20
3773200722 20
3815994393 20
3858863182 20
3901681524 20
3944498649 20
3987319028 20
4030187531 20
4072993376 20
4115800616 20
4158654856 20
4201471914 20
4244296398 20
4287091789 20
34957770 20
77769480 20
120613814 20
163422991 20
206220120 20
249032142 20
291852684 20
334704617 20
377530417 20
420340856 20
463144175 20
505960883 20
548787633 20
591613388 20
634436147 20
677296141 20
720101971 20
762928764 20
805772392 20
848734794 30
894112184 30
939249011 30
984806079 30
1029988348 30
1075154134 30
1120311936 30
1165503301 30
1210642015 30
1255800869 30
1300967440 30
1346105404 30
1391218935 30
1436360353 30
1481498219 30
1527157167 30
1572365678 30
1617534072 30
1662673795 30
1707867214 30
1753002564 30
1798130051 30
1843279159 30
1888355919 30
1933449155 30
1978558612 30
2023708094 30
2068801704 30
2113975489 30
2159095886 30
2204184296 30
2249310887 30
2294398618 30
2339511435 30
2384657179 30
2429754689 30
2474867477 30
2520007738 30
2565162152 30
2610796674 30
2655938116 30
2701058463 30
2746226004 30
2791342018 30
2836462280 30
2881600656 30
2926686167 30
2971848870 30
3017017892 30
3062120832 30
3107277755 30
3152846166 30
3198013555 30
3243204697 30
3288357845 30
3333532487 30
3378692112 30
3423784850 30
3468858041 30
3514006212 30
3559164106 30
3604301321 30
3649416188 30
3694559512 30
3739749743 30
3784863829 30
3829953392 30
3875116200 30
3920288512 30
3965499052 30
4010635498 30
4055761477 30
4100897676 30
4146083808 30
4191197773 30
4236309392 30
4281887418 30
32098286 30
77267671 30
122438735 30
167567199 30
212636441 30
257760451 30
302931580 30
348106029 30
393176856 30
438309210 30
483376117 30
528994410 30
574207726 30
619310354 30
664384242 30
709524361 30
754565050 30
799648077 30
844838510 30
890026924 30
935168152 30
980376968 30
1025529481 30
1070753438 40
1118516508 40
1165942133 40
1213338642 40
1260745683 40
1308089897 40
1355459150 40
1402793034 40
1450155612 40
1497460024 40
1544907874 40
1592728188 40
1640112416 40
1687518713 40
1734877355 40
1782157574 40
1829459776 40
1876836403 40
1924231862 40
1971612712 40
2018941382 40
2066309188 40
2113728194 40
2161092840 40
2208470539 40
2255809228 40
2303130114 40
2350445967 40
2397822470 40
2445127926 40
2492463459 40
2539766833 40
2587068146 40
2634339039 40
2681618420 40
2728915476 40
2776235265 40
2823618469 40
2870977757 40
2918257349 40
2965589200 40
3012890936 40
3060224091 40
3107550293 40
3154939599 40
3202345790 40
3249808081 40
3297127485 40
3344571316 40
3391974486 40
3439337736 40
3486781184 40
3534131657 40
3581436224 40
3628845797 40
3676225562 40
3723581894 40
3771418024 40
3818739956 40
3866068952 40
3913432768 40
3960756974 40
4008111486 40
4055443168 40
4102740143 40
4150172767 40
4197534091 40
4244912414 40
4292213875 40
44527265 40
91859590 40
139211647 40
186608390 40
233990098 40
281477822 40
328887921 40
376227519 40
423613290 40
470973319 40
518269999 40
565697958 40
613081029 40
660400208 40
707743226 40
755064969 40
802370094 40
849620852 40
896935132 40
944253438 40
991644416 40
1038989891 40
1086762492 40
1134078917 40
1181403855 40
1228757163 40
1276082941 40
1323409734 40
1370775896 40
1418110990 40
1465495698 40
1512976408 50
1563003107 50
1612809386 50
1662346566 50
1711895294 50
1761749222 50
1811345211 50
1861039936 50
1910810712 50
1960529802 50
2010105051 50
2059762352 50
2109361112 50
2158955374 50
2209120584 50
2258721465 50
2308329039 50
2357882920 50
2407515800 50
2457148354 50
2507039005 50
2556614666 50
2606212491 50
2655984394 50
2705685942 50
2755680526 50
2805202978 50
2854971968 50
2904559783 50
2954268650 50
3004051700 50
3053844259 50
3103450347 50
3153056101 50
3202636824 50
3252186042 50
3302177797 50
3351752580 50
3401418667 50
3450991154 50
3500546045 50
3550164835 50
3599742411 50
3649500440 50
3699314424 50
3748901405 50
3798433403 50
3848485384 50
3898118609 50
3947657545 50
3997301403 50
4046937736 50
4096647541 50
4146200286 50
4195754566 50
4245349799 50
8722 50
49508843 50
99723404 50
149286914 50
199047994 50
248772538 50
298342150 50
348031187 50
397648067 50
447168556 50
496762490 50
546333458 50
596089276 50
646053827 50
695801939 50
745585258 50
795145594 50
844819400 50
894346954 50
944124711 50
993696194 50
1043419026 50
1092937687 50
1142503342 50
1192071782 50
1241712642 50
1291390286 50
1340940233 50
1390510655 50
1440095058 50
1489655658 50
1539197777 50
1589058688 50
1638596056 50
1688230906 50
1738215231 50
1788058374 50
1837716866 50
1887273016 50
1936827764 50
1986362274 50
2036217163 50
2085804897 50
2135570644 50
2185452582 60
2237880298 60
2289769556 60
2341795940 60
2393674157 60
2445487742 60
2497474098 60
2549410489 60
2601140674 60
2653070869 60
2704942332 60
2756877987 60
2809215168 60
2861007142 60
2912836910 60
2964634364 60
3016435048 60
3068294201 60
3120207387 60
3171923261 60
3223679198 60
3275707002 60
3327558031 60
3379372448 60
3431243870 60
3483157375 60
3534997018 60
3586938902 60
3638730665 60
3690580952 60
3742357565 60
3794225838 60
3845977777 60
3897856684 60
3949708850 60
4001658152 60
4053413515 60
4105494223 60
4157374333 60
4209230703 60
4261025226 60
17895155 60
69680546 60
121531659 60
173325182 60
225367140 60
277157492 60
328950430 60
380723883 60
432511851 60
484295956 60
536126418 60
587904844 60
639924752 60
692183817 60
743997444 60
795834864 60
847642907 60
899541653 60
951338266 60
1003289962 60
1055037458 60
1106839406 60
1158713210 60
1210502125 60
1262359629 60
1314478980 60
1366253958 60
1418069439 60
1470012696 60
1522125596 60
1573973526 60
1625769610 60
1677762365 60
1729599442 60
1781603511 60
1833513741 60
1885576132 60
1937386296 60
1989231336 60
2041052189 60
2093169627 60
2145252904 60
2197356748 60
2249204532 60
2301090068 60
2363136632 60
2414986268 60
2467000665 60
2518802086 60
2570568286 60
2622515420 60
2674342224 60
2726207347 60
2778026272 60
2829970768 60
2881989581 60
2933836852 60
2985851317 60
3037693124 60
3089599082 70
3144414383 70
3198505164 70
3253051828 70
3307023327 70
3361452041 70
3416101265 70
3470140458 70
3524344951 70
3578444252 70
3632542122 70
3686724195 70
3741275022 70
3795334456 70
3849547642 70
3903952454 70
3958044085 70
4012490971 70
4067079399 70
4121113206 70
4175720755 70
4229778296 70
4283875265 70
42998143 70
97015038 70
151368506 70
205399715 70
260022094 70
314028521 70
368292966 70
422278687 70
476489792 70
531129272 70
585264407 70
639258943 70
693362149 70
747394971 70
801442444 70
855426992 70
910098811 70
964099774 70
1018445982 70
1072518413 70
1126569153 70
1180601899 70
1234615536 70
1288631028 70
1343063115 70
1397687428 70
1451898586 70
1505932158 70
1560172730 70
1614571900 70
1668935216 70
1722994273 70
1777198596 70
1831269204 70
1885414338 70
1939454704 70
1993506782 70
2047556373 70
2102025711 70
2156093732 70
2210388967 70
2264725982 70
2318777210 70
2372968396 70
2427044363 70
2481031150 70
2535384182 70
2589474824 70
2643635060 70
2698065445 70
2752120116 70
2806678590 70
2861035458 70
2915021572 70
2969125299 70
3024127323 70
3078651845 70
3132745119 70
3186816293 70
3241347313 70
3295944462 70
3350291389 70
3404716612 70
3458801683 70
3513237228 70
3567792083 70
3622378234 70
3676454986 70
3730573770 70
3784634663 70
3838645392 70
3892689737 70
3947156112 70
4001657052 70
4055721214 70
4110285144 70
4164306738 70
4218490338 80
4275508618 80
36810562 80
93095034 80
149368984 80
205945664 80
262283121 80
318958289 80
375143116 80
431392228 80
487610948 80
543821444 80
600284314 80
656819255 80
713429383 80
769682491 80
826383762 80
882745215 80
939392462 80
995701100 80
1052023772 80
1108537708 80
1165231672 80
1221571705 80
1278182688 80
1334819105 80
1391226233 80
1447561806 80
1503979842 80
1560645980 80
1617134211 80
1673344662 80
1729658845 80
1786117435 80
1842869559 80
1899034892 80
1955434091 80
2011815054 80
2068017681 80
2124693331 80
2181190696 80
2237454496 80
2293877853 80
2350560873 80
2406888587 80
2463260036 80
2519533545 80
2575738786 80
2632222469 80
2688731601 80
2745187466 80
2801395095 80
2857619902 80
2914344083 80
2970619628 80
3027091986 80
3083605256 80
3139997459 80
3196522193 80
3252970058 80
3309448672 80
3365798910 80
3422721559 80
3479100223 80
3535426016 80
3592049514 80
3648517192 80
3704769520 80
3761053184 80
3817569354 80
3873913250 80
3930270945 80
3986697402 80
4043462944 80
4099977244 80
4156549970 80
4212924815 80
4269295627 80
30679596 80
87070688 80
143482435 80
200247025 80
256527790 80
313035271 80
369308520 80
425712312 80
482047786 80
538351478 80
594619884 80
650830300 80
707725609 80
764039554 80
820495801 80
876784509 80
933329578 80
989647198 80
1045972118 80
1102314673 80
1158623935 80
1215380423 80
1271804426 90
1331285782 90
1389897408 90
1448402098 90
1506880037 90
1565457482 90
1624099508 90
1682890078 90
1742120554 90
1800623904 90
1859159563 90
1917729545 90
1976443270 90
2035036084 90
2093637948 90
2152251189 90
2210995449 90
2269978067 90
2328918120 90
2387583700 90
2446206049 90
2504750912 90
2563612983 90
2622200523 90
2680758687 90
2739339241 90
2798056224 90
2856624948 90
2915379434 90
2974209559 90
3033152718 90
3091791012 90
3150233349 90
3208721462 90
3267218800 90
3325887900 90
3384491892 90
3443103509 90
3501963681 90
3560657525 90
3619172849 90
3677878133 90
3736472495 90
3794981853 90
3853665133 90
3912561061 90
3971451043 90
4030526164 90
4088953349 90
4147445828 90
4206170734 90
4264747482 90
28746673 90
87543342 90
146046165 90
204591794 90
263834561 90
322382913 90
380865801 90
439440290 90
498012384 90
556823742 90
615457657 90
674307506 90
732963231 90
792063669 90
850989525 90
909688253 90
968406063 90
1027004058 90
1085545190 90
1143957110 90
1202475221 90
1261246232 90
1320422320 90
1379209301 90
1437677549 90
1496492734 90
1555158575 90
1613767429 90
1672285881 90
1730937352 90
1789944326 90
1848958624 90
1907747969 90
1966315873 90
2024849889 90
2083345752 90
2142151898 90
2200881858 90
2259582152 90
2318219495 90
2377458885 90
2436073559 90
2495070558 90
2553924370 90
2612718746 90
2671275031 90
2729871814 90
2788446049 90
