1538342301 1
1576782763 1
1615195117 1
1653614414 1
1692032888 1
1730472533 1
1768891625 1
1807308064 1
1845718062 1
1884152634 1
1922576017 1
1961006053 1
1999458722 1
2037888996 1
2076327298 1
2114744231 1
2153177735 1
2191601327 1
2230046517 1
2268494685 1
2306920847 1
2345322931 1
2383779662 1
2422221529 1
2460659573 1
2499093308 1
2537538457 1
2576710874 1
2615149381 1
2653606111 1
2692053907 1
2730494785 1
2768947109 1
2807402204 1
2845859852 1
2884316964 1
2922779762 1
2961226882 1
2999680955 1
3038107621 1
3077004872 1
3115441615 1
3153906995 1
3192347884 1
3230830460 1
3269295290 1
3307736834 1
3346220912 1
3384686244 1
3423141563 1
3461602780 1
3500066282 1
3538501652 1
3576960140 1
3615403616 1
3653837696 1
3692291928 1
3730746748 1
3769178764 1
3807614982 1
3846049129 1
3884487136 1
3922918539 1
3961383575 1
3999842056 1
4038292543 1
4076741220 1
4115193512 1
4153663336 1
4192118873 1
4230583275 1
4269051730 1
12549588 1
50984530 1
89399056 1
127849270 1
166276782 1
204701541 1
243163460 1
281610394 1
320062212 1
358581595 1
397046749 1
435533178 1
473981747 1
512451296 1
550906882 1
589364857 1
627832798 1
666283817 1
704730026 1
743172370 1
781616466 1
820081436 1
858546610 1
897007683 1
935483851 1
973960220 1
1012428733 1
1050897742 1
1089495160 10
1130211809 10
1170828768 10
1211430757 10
1252045424 10
1292676866 10
1333308102 10
1373924858 10
1414556287 10
1455202699 10
1495817178 10
1536446091 10
1577086645 10
1617736572 10
1658390030 10
1699017886 10
1739656611 10
1780308396 10
1820949185 10
1861598812 10
1902237541 10
1942870000 10
1983490888 10
2024576994 10
2065169367 10
2105773885 10
2146396800 10
2187006112 10
2227640538 10
2268251920 10
2308861277 10
2349472334 10
2390093040 10
2430693716 10
2471280335 10
2511870306 10
2552458083 10
2593049612 10
2633666827 10
2674270594 10
2714860978 10
2755465010 10
2796123886 10
2836747647 10
2877380556 10
2918020382 10
2958647745 10
2999275751 10
3039928926 10
3080587611 10
3121236914 10
3161863516 10
3202487839 10
3243120608 10
3283764658 10
3324417686 10
3365030299 10
3405667458 10
3446337421 10
3486962980 10
3527598396 10
3568236210 10
3608861396 10
3649516301 10
3690150373 10
3730793195 10
3771408115 10
3812026782 10
3852648994 10
3893253075 10
3933867519 10
3974486772 10
4015085747 10
4055749091 10
4096328815 10
4136927578 10
4177526702 10
4218103688 10
4258715703 10
4344922 10
44967331 10
85613163 10
126262410 10
166884157 10
207493853 10
248110807 10
288759232 10
329393419 10
370027809 10
410669708 10
451351715 10
492004693 10
532660519 10
573302792 10
613916418 10
654567430 10
695192678 10
735800786 10
776436514 10
817095952 10
857824435 20
900897273 20
943798845 20
987107056 20
1030030977 20
1072921968 20
1115825026 20
1158685358 20
1201529184 20
1244393628 20
1287230320 20
1330060043 20
1372919634 20
1415761825 20
1458614227 20
1501479102 20
1544354822 20
1587199633 20
1630052312 20
1672927435 20
1715815878 20
1758659293 20
1801485043 20
1844296449 20
1887129645 20
1929992727 20
1972848256 20
2015693702 20
2058998447 20
2101861450 20
2144727414 20
2187587638 20
2230450601 20
2273319044 20
2316166430 20
2358985280 20
2401812528 20
2444646762 20
2487443246 20
2530264686 20
2573094698 20
2615943454 20
2658801212 20
2701657880 20
2744540543 20
2787387991 20
2830227700 20
2873070042 20
2915903894 20
2958737537 20
3001560509 20
3044375665 20
3087228544 20
3130463198 20
3173288394 20
3216133599 20
3258975065 20
3301803261 20
3344613198 20
3387423722 20
3430253796 20
3473080403 20
3515877964 20
3558715431 20
3601549506 20
3644347762 20
3687156566 20
3729991884 20
3772799738 20
3815590570 20
3858461024 20
3901278845 20
3944093509 20
3986913915 20
4029780561 20
4072590057 20
4115398025 20
4158244831 20
4201065928 20
4243894855 20
4286689597 20
34552644 20
77355561 20
120206002 20
163012702 20
205816212 20
248627325 20
291447243 20
334297267 20
377121718 20
419929634 20
462737306 20
505553105 20
548383796 20
591206279 20
634033108 20
676892838 20
719691822 20
762528157 20
805368980 20
848331688 30
893704062 30
938840821 30
984398437 30
1029582882 30
1074753286 30
1119901201 30
1165101284 30
1210239290 30
1255400338 30
1300562106 30
1345697658 30
1390815065 30
1435954812 30
1481091514 30
1526750908 30
1571962592 30
1617122788 30
1662261998 30
1707461662 30
1752597062 30
1797727958 30
1842867398 30
1887951422 30
1933042298 30
1978152965 30
2023302090 30
2068398127 30
2113569937 30
2158688810 30
2203780391 30
2248907666 30
2293998410 30
2339103842 30
2384255118 30
2429353380 30
2474460019 30
2519600690 30
2564753220 30
2610384707 30
2655527902 30
2700653133 30
2745817018 30
2790931969 30
2836058424 30
2881197203 30
2926278383 30
2971439597 30
3016605912 30
3061712534 30
3106870844 30
3152436950 30
3197609757 30
3242800810 30
3287951079 30
3333128013 30
3378287389 30
3423375147 30
3468458572 30
3513598227 30
3558754037 30
3603895394 30
3649005723 30
3694154942 30
3739349508 30
3784461100 30
3829547956 30
3874708416 30
3919882900 30
3965087493 30
4010232089 30
4055362665 30
4100493328 30
4145677920 30
4190788758 30
4235905393 30
4281474898 30
31694753 30
76861360 30
122034570 30
167159573 30
212234122 30
257353648 30
302524546 30
347695428 30
392770858 30
437904638 30
482970636 30
528585477 30
573805205 30
618904225 30
663979470 30
709116553 30
754164010 30
799246546 30
844432149 30
889614387 30
934762644 30
979972233 30
1025122645 30
1070342042 40
1118110113 40
1165535694 40
1212933130 40
1260338539 40
1307679267 40
1355057018 40
1402387099 40
1449750438 40
1497055768 40
1544500420 40
1592318764 40
1639699115 40
1687110864 40
1734475377 40
1781754504 40
1829054793 40
1876434550 40
1923824917 40
1971205966 40
2018531081 40
2065902215 40
2113318336 40
2160688882 40
2208062431 40
2255397972 40
2302724334 40
2350032932 40
2397414370 40
2444717017 40
2492060154 40
2539360740 40
2586662388 40
2633932287 40
2681206142 40
2728509008 40
2775824570 40
2823210123 40
2870573332 40
2917850522 40
2965187372 40
3012486222 40
3059818055 40
3107147888 40
3154531211 40
3201938103 40
3249401639 40
3296718839 40
3344167076 40
3391569609 40
3438925826 40
3486368690 40
3533728292 40
3581026800 40
3628437254 40
3675819353 40
3723173641 40
3771008606 40
3818333129 40
3865665630 40
3913026145 40
3960352221 40
4007705138 40
4055037158 40
4102336540 40
4149763775 40
4197126661 40
4244510940 40
4291809441 40
44123035 40
91453717 40
138806030 40
186204921 40
233579985 40
281078038 40
328483214 40
375817950 40
423213554 40
470573509 40
517865114 40
565290990 40
612673294 40
659990761 40
707334836 40
754660750 40
801963748 40
849215256 40
896529328 40
943847252 40
991239982 40
1038581610 40
1086358006 40
1133674524 40
1180994408 40
1228349538 40
1275679333 40
1323004452 40
1370358912 40
1417705869 40
1465090535 40
1512571366 50
1562599133 50
1612396736 50
1661939266 50
1711492822 50
1761344875 50
1810941126 50
1860631527 50
1910407751 50
1960123708 50
2009699690 50
2059357752 50
2108957428 50
2158549044 50
2208714640 50
2258313772 50
2307922338 50
2357479425 50
2407108319 50
2456738937 50
2506627713 50
2556208481 50
2605805014 50
2655579469 50
2705275256 50
2755273511 50
2804797992 50
2854566689 50
2904157340 50
2953862568 50
3003648302 50
3053435839 50
3103044644 50
3152643416 50
3202230126 50
3251778291 50
3301771330 50
3351349638 50
3401010724 50
3450582210 50
3500142943 50
3549758050 50
3599334694 50
3649092227 50
3698910592 50
3748492023 50
3798027116 50
3848076384 50
3897711306 50
3947248133 50
3996894426 50
4046532339 50
4096244399 50
4145794861 50
4195346641 50
4244937937 50
4294568578 50
49099373 50
99318272 50
148881466 50
198641516 50
248368464 50
297936023 50
347623224 50
397243620 50
446761762 50
496355154 50
545925122 50
595684070 50
645643627 50
695391596 50
745179099 50
794734986 50
844408145 50
893938412 50
943718374 50
993291161 50
1043018856 50
1092533640 50
1142100557 50
1191668928 50
1241307713 50
1290977607 50
1340531132 50
1390102907 50
1439688252 50
1489248059 50
1538790120 50
1588649256 50
1638187549 50
1687825318 50
1737811064 50
1787651032 50
1837308507 50
1886863852 50
1936416752 50
1985953865 50
2035814518 50
2085397395 50
2135168401 50
2185049162 60
2237472445 60
2289363895 60
2341396148 60
2393264224 60
2445085252 60
2497070972 60
2549010236 60
2600737282 60
2652660691 60
2704538946 60
2756470654 60
2808811842 60
2860598569 60
2912432622 60
2964227591 60
3016026236 60
3067885326 60
3119804603 60
3171520437 60
3223272106 60
3275303961 60
3327156065 60
3378966176 60
3430834773 60
3482746358 60
3534590497 60
3586527547 60
3638326085 60
3690177260 60
3741952682 60
3793822307 60
3845569156 60
3897447183 60
3949300956 60
4001256363 60
4053007158 60
4105088448 60
4156972008 60
4208821532 60
4260618788 60
17483018 60
69274231 60
121127984 60
172916356 60
224964286 60
276746794 60
328547696 60
380318454 60
432112002 60
483887150 60
535721022 60
587503952 60
639520273 60
691776635 60
743589990 60
795430698 60
847233639 60
899134029 60
950935292 60
1002884594 60
1054630374 60
1106438718 60
1158303780 60
1210096704 60
1261950617 60
1314074618 60
1365843948 60
1417667151 60
1469610647 60
1521724755 60
1573571561 60
1625358514 60
1677358760 60
1729195560 60
1781200053 60
1833112926 60
1885173233 60
1936975385 60
1988832720 60
2040641879 60
2092762125 60
2144847345 60
2196949524 60
2248800170 60
2300679435 60
2362731914 60
2414581395 60
2466597132 60
2518395779 60
2570159737 60
2622107207 60
2673932882 60
2725797495 60
2777618989 60
2829562014 60
2881580508 60
2933429196 60
2985445777 60
3037283313 60
3089189250 70
3144011284 70
3198094984 70
3252649988 70
3306619789 70
3361046684 70
3415694995 70
3469736567 70
3523935346 70
3578040491 70
3632140178 70
3686315246 70
3740870122 70
3794932355 70
3849138774 70
3903539842 70
3957640268 70
4012086751 70
4066674203 70
4120698329 70
4175309914 70
4229371274 70
4283466562 70
42592290 70
96607546 70
150958030 70
204994798 70
259616957 70
313622382 70
367880930 70
421872411 70
476076714 70
530713901 70
584854687 70
638853935 70
692950609 70
746987446 70
801032854 70
855020640 70
909688309 70
963691380 70
1018042634 70
1072105782 70
1126160533 70
1180197244 70
1234208373 70
1288224584 70
1342657315 70
1397278878 70
1451491213 70
1505529435 70
1559763014 70
1614169383 70
1668532094 70
1722591976 70
1776789504 70
1830858152 70
1885007563 70
1939042754 70
1993100211 70
2047151810 70
2101621836 70
2155678881 70
2209977814 70
2264320330 70
2318372742 70
2372560786 70
2426637281 70
2480625631 70
2534979384 70
2589060744 70
2643224312 70
2697657603 70
2751714408 70
2806272793 70
2860631007 70
2914619056 70
2968721417 70
3023722646 70
3078250148 70
3132345228 70
3186414560 70
3240938862 70
3295541192 70
3349881793 70
3404309460 70
3458392028 70
3512831074 70
3567382024 70
3621972347 70
3676040569 70
3730169826 70
3784225264 70
3838238532 70
3892285382 70
3946744287 70
4001249796 70
4055305571 70
4109878839 70
4163901109 70
4218075575 80
4275105433 80
36403905 80
92690457 80
148962918 80
205536414 80
261869376 80
318548062 80
374734287 80
430987831 80
487202131 80
543415735 80
599871260 80
656415006 80
713018738 80
769273043 80
825980367 80
882339360 80
938985976 80
995294114 80
1051608668 80
1108132625 80
1164826848 80
1221165790 80
1277773238 80
1334409302 80
1390824977 80
1447155023 80
1503573313 80
1560236681 80
1616730172 80
1672941074 80
1729250888 80
1785713728 80
1842458910 80
1898630385 80
1955025148 80
2011406052 80
2067610666 80
2124290848 80
2180786404 80
2237041503 80
2293466508 80
2350137764 80
2406481374 80
2462851910 80
2519120963 80
2575331964 80
2631816552 80
2688315189 80
2744776968 80
2800981424 80
2857213631 80
2913938846 80
2970214434 80
3026687705 80
3083200390 80
3139590798 80
3196117711 80
3252565590 80
3309036659 80
3365391961 80
3422310510 80
3478690534 80
3535018074 80
3591636764 80
3648113681 80
3704355796 80
3760641658 80
3817162904 80
3873510008 80
3929871464 80
3986294932 80
4043055201 80
4099567331 80
4156147653 80
4212524151 80
4268888109 80
30273329 80
86659445 80
143068678 80
199840470 80
256122178 80
312626698 80
368902584 80
425303514 80
481633982 80
537946594 80
594214718 80
650422851 80
707318974 80
763635826 80
820075580 80
876377616 80
932925094 80
989236836 80
1045565102 80
1101909327 80
1158216962 80
1214974551 80
1271399304 90
1330876055 90
1389491283 90
1447994729 90
1506470594 90
1565048274 90
1623678990 90
1682473311 90
1741713230 90
1800214842 90
1858754970 90
1917314432 90
1976038033 90
2034631640 90
2093233068 90
2151848715 90
2210592912 90
2269576306 90
2328511763 90
2387180096 90
2445804948 90
2504346276 90
2563205104 90
2621797833 90
2680348255 90
2738930164 90
2797653410 90
2856218260 90
2914976456 90
2973796246 90
3032745044 90
3091386542 90
3149823732 90
3208314785 90
3266813139 90
3325484513 90
3384083937 90
3442702342 90
3501558164 90
3560251753 90
3618763110 90
3677462822 90
3736064938 90
3794576413 90
3853258969 90
3912149982 90
3971041919 90
4030116177 90
4088550107 90
4147040871 90
4205762866 90
4264344240 90
28337336 90
87134569 90
145640316 90
204186241 90
263421686 90
321975322 90
380458984 90
439030211 90
497602447 90
556408816 90
615050316 90
673887448 90
732558339 90
791651453 90
850582798 90
909274996 90
967995496 90
1026590200 90
1085137404 90
1143549564 90
1202065219 90
1260831232 90
1320017472 90
1378801142 90
1437263407 90
1496085480 90
1554747446 90
1613360321 90
1671875470 90
1730533511 90
1789529929 90
1848546225 90
1907336282 90
1965901915 90
2024446452 90
2082927399 90
2141732844 90
2200476732 90
2259181475 90
2317814928 90
2377051707 90
2435661974 90
2494667462 90
2553512612 90
2612309144 90
2670870930 90
2729468280 90
2788034094 90
