1539389404 1
1577816182 1
1616228688 1
1654656860 1
1693081266 1
1731511534 1
1769927820 1
1808342164 1
1846759996 1
1885187715 1
1923617335 1
1962047592 1
2000505729 1
2038940702 1
2077374524 1
2115784380 1
2154221442 1
2192652057 1
2231088948 1
2269532151 1
2307956839 1
2346370169 1
2384817148 1
2423277516 1
2461711489 1
2500141034 1
2538586512 1
2577761610 1
2616201152 1
2654663720 1
2693101541 1
2731540947 1
2770006073 1
2808464697 1
2846908756 1
2885380519 1
2923824530 1
2962277610 1
3000723330 1
3039155429 1
3078057223 1
3116500368 1
3154954034 1
3193413293 1
3231884762 1
3270349437 1
3308791754 1
3347275632 1
3385740338 1
3424199703 1
3462655720 1
3501108517 1
3539552972 1
3578013911 1
3616454668 1
3654891726 1
3693336257 1
3731796714 1
3770230006 1
3808655638 1
3847093001 1
3885528992 1
3923988662 1
3962442968 1
4000889306 1
4039346236 1
4077795100 1
4116246528 1
4154716448 1
4193167887 1
4231643504 1
4270104951 1
13587529 1
52031880 1
90451257 1
128893558 1
167309122 1
205752365 1
244209548 1
282671267 1
321186184 1
359648010 1
398095530 1
436589640 1
475038586 1
513497654 1
551956991 1
590427828 1
628881480 1
667336071 1
705785892 1
744219050 1
782679760 1
821130703 1
859597194 1
898067560 1
936538981 1
975012525 1
1013491813 1
1051940592 1
1092679009 10
1133308008 10
1173912622 10
1214521261 10
1255142667 10
1295774306 10
1336407927 10
1377040920 10
1417662876 10
1458306036 10
1498920227 10
1539545849 10
1580213275 10
1620852715 10
1661490384 10
1702122282 10
1742765290 10
1783425062 10
1824049600 10
1864709598 10
1905335916 10
1945965333 10
1986583254 10
2027667812 10
2068262641 10
2108874831 10
2149489479 10
2190114995 10
2230733303 10
2271349480 10
2311960465 10
2352575711 10
2393161097 10
2433744305 10
2474323010 10
2514920792 10
2555528170 10
2596129370 10
2636740021 10
2677337751 10
2717945223 10
2758575565 10
2799210978 10
2839848546 10
2880481648 10
2921107381 10
2961752017 10
3002397082 10
3043047464 10
3083707839 10
3124331870 10
3164963174 10
3205587005 10
3246222153 10
3286870016 10
3327509730 10
3368121153 10
3408793514 10
3449435836 10
3490062852 10
3530698468 10
3571326033 10
3611962748 10
3652605664 10
3693256565 10
3733883888 10
3774484111 10
3815129208 10
3855725218 10
3896342568 10
3936966442 10
3977565248 10
4018189685 10
4058798440 10
4099398970 10
4139999573 10
4180591767 10
4221198095 10
4261806945 10
7445490 10
48073789 10
88714595 10
129358328 10
169982419 10
210597106 10
251220258 10
291861550 10
332497896 10
373135222 10
413786706 10
454468778 10
495110869 10
535756483 10
576407187 10
617035751 10
657662816 10
698279708 10
738925664 10
779563421 10
820205207 10
863264202 20
906159211 20
949051800 20
992419588 20
1035295999 20
1078196939 20
1121065913 20
1163900215 20
1206784830 20
1249614756 20
1292458475 20
1335307378 20
1378139004 20
1421012434 20
1463836731 20
1506710296 20
1549577353 20
1592415106 20
1635297608 20
1678206162 20
1721028298 20
1763877127 20
1806666144 20
1849517210 20
1892365503 20
1935227313 20
1978066145 20
2020920423 20
2064248035 20
2107074964 20
2149947880 20
2192808513 20
2235691321 20
2278530648 20
2321347194 20
2364194369 20
2407030016 20
2449837685 20
2492661975 20
2535471239 20
2578326778 20
2621185928 20
2664015787 20
2706894708 20
2749767845 20
2792612083 20
2835443976 20
2878267112 20
2921115957 20
2963928766 20
3006738434 20
3049579484 20
3092422314 20
3135668958 20
3178514821 20
3221331768 20
3264184271 20
3306976406 20
3349785312 20
3392621027 20
3435442822 20
3478276550 20
3521073917 20
3563922568 20
3606715876 20
3649520673 20
3692352260 20
3735194601 20
3777982298 20
3820840085 20
3863666128 20
3906463621 20
3949300390 20
3992165866 20
4034969896 20
4077794110 20
4120601808 20
4163429444 20
4206272107 20
4249064412 20
4291887493 20
39719981 20
82574176 20
125392654 20
168181860 20
210999179 20
253789127 20
296652262 20
339481066 20
382274772 20
425109622 20
467926830 20
510760554 20
553576826 20
596404927 20
639269398 20
682079193 20
724920659 20
767746543 20
810550676 20
855934468 30
901111746 30
946173662 30
991839367 30
1036993518 30
1082149253 30
1127342178 30
1172496039 30
1217667640 30
1262831872 30
1307950490 30
1353068606 30
1398201400 30
1443345532 30
1488475048 30
1534194927 30
1579390391 30
1624507569 30
1669716662 30
1714843279 30
1759978429 30
1805102675 30
1850203980 30
1895284350 30
1940395074 30
1985564040 30
2030625633 30
2075816886 30
2120931684 30
2166051353 30
2211163371 30
2256261817 30
2301363600 30
2346511385 30
2391611512 30
2436708645 30
2481844756 30
2526999330 30
2572179546 30
2617773981 30
2662891246 30
2708057528 30
2753175560 30
2798304591 30
2843442284 30
2888512059 30
2933681527 30
2978855163 30
3023940829 30
3069124642 30
3114230272 30
3159848417 30
3205043650 30
3250209711 30
3295376630 30
3340535049 30
3385624942 30
3430700154 30
3475842814 30
3521021562 30
3566168899 30
3611231824 30
3656411532 30
3701601428 30
3746699666 30
3791820129 30
3836954305 30
3882124428 30
3927317049 30
3972482744 30
4017594390 30
4062738378 30
4107934987 30
4153055201 30
4198145258 30
4243275026 30
4288903343 30
39107620 30
84281162 30
129392914 30
174485857 30
219596111 30
264763689 30
309933909 30
355029007 30
400157234 30
445235717 30
490362593 30
536054190 30
581157794 30
626225827 30
671369381 30
716436400 30
761505926 30
806684953 30
851865492 30
897018734 30
942215278 30
987366598 30
1032461346 30
1080214276 40
1127661437 40
1175049058 40
1222473863 40
1269815672 40
1317188749 40
1364511414 40
1411878242 40
1459189600 40
1506614995 40
1553988182 40
1601839798 40
1649256151 40
1696613846 40
1743891392 40
1791194323 40
1838578246 40
1885970980 40
1933342347 40
1980691851 40
2028044263 40
2075434075 40
2122806738 40
2170187590 40
2217528016 40
2264856067 40
2312142601 40
2359545378 40
2406839596 40
2454182918 40
2501485023 40
2548799848 40
2596076821 40
2643340512 40
2690642119 40
2737949900 40
2785333115 40
2832711270 40
2880003100 40
2927318037 40
2974633215 40
3021952182 40
3069274813 40
3116657021 40
3164096900 40
3211525901 40
3258841947 40
3306290884 40
3353703193 40
3401044436 40
3448498907 40
3495865955 40
3543149430 40
3590567373 40
3637956807 40
3685322905 40
3732687676 40
3780472472 40
3827796642 40
3875172899 40
3922492333 40
3969845556 40
4017166047 40
4064472990 40
4111880640 40
4159261687 40
4206641549 40
4253945091 40
6270246 40
53599721 40
100963645 40
148355762 40
195725198 40
243206719 40
290633341 40
337952241 40
385364493 40
432717333 40
480000929 40
527429025 40
574808340 40
622130842 40
669454080 40
716784246 40
764082185 40
811343239 40
858666058 40
905955836 40
953379519 40
1000715012 40
1048040522 40
1095811551 40
1143126824 40
1190487154 40
1237805422 40
1285133534 40
1332493408 40
1379850136 40
1427236871 40
1474585765 40
1524572279 50
1574394968 50
1623943950 50
1673516314 50
1723358831 50
1772954858 50
1822652330 50
1872431080 50
1922144524 50
1971728554 50
2021381898 50
2070978810 50
2120560188 50
2170271610 50
2220305289 50
2269918311 50
2319489607 50
2369133331 50
2418749918 50
2468646879 50
2518214953 50
2567810077 50
2617597367 50
2667289798 50
2716830793 50
2766815385 50
2816571200 50
2866181020 50
2915883570 50
2965658090 50
3015451934 50
3065054877 50
3114649741 50
3164250614 50
3213802208 50
3263334230 50
3313348275 50
3363024627 50
3412595245 50
3462166424 50
3511774484 50
3561331332 50
3611082691 50
3660930915 50
3710503328 50
3760041875 50
3809630818 50
3859712844 50
3909258935 50
3958901188 50
4008528170 50
4058259758 50
4107810554 50
4157360071 50
4206959062 50
4256581259 50
11115730 50
60866849 50
110906629 50
160657616 50
210386079 50
259955570 50
309633686 50
359252448 50
408781437 50
458369495 50
507932556 50
557698895 50
607218228 50
657420256 50
707185677 50
756739092 50
806414027 50
855953666 50
905739946 50
955282965 50
1005038135 50
1054558560 50
1104125860 50
1153679909 50
1203315015 50
1252995749 50
1302553770 50
1352090632 50
1401702954 50
1451268826 50
1500811788 50
1550638736 50
1600201890 50
1649843403 50
1699381136 50
1749659942 50
1799322536 50
1848867234 50
1898422493 50
1947955713 50
1997818060 50
2047423238 50
2097185961 50
2146948065 50
2199312387 60
2251255151 60
2303293203 60
2355144784 60
2406989974 60
2458969554 60
2510924675 60
2562655664 60
2614552299 60
2666429562 60
2718348687 60
2770288562 60
2822475659 60
2874329194 60
2926116259 60
2977912797 60
3029787900 60
3081695389 60
3133424872 60
3185189486 60
3237209248 60
3289063215 60
3340861957 60
3392733722 60
3444643594 60
3496475886 60
3548405120 60
3600222561 60
3652064584 60
3703859676 60
3755712856 60
3807472044 60
3859336794 60
3911192475 60
3963123248 60
4014897147 60
4066991048 60
4118859931 60
4170708018 60
4222528819 60
4274352777 60
31158181 60
83025128 60
134808500 60
186883387 60
238630910 60
290450594 60
342218855 60
394014192 60
445783676 60
497628027 60
549419275 60
601410764 60
653253968 60
705489322 60
757330787 60
809122297 60
861015104 60
912830793 60
964796938 60
1016541384 60
1068345279 60
1120215308 60
1172017562 60
1223851718 60
1275977176 60
1327753081 60
1379588663 60
1431513620 60
1483639066 60
1535485443 60
1587259926 60
1639248896 60
1691105074 60
1743112147 60
1795023297 60
1847079411 60
1898884126 60
1950749754 60
2002551539 60
2054635252 60
2106738062 60
2158852590 60
2210711910 60
2262588042 60
2314426563 60
2376494128 60
2428503595 60
2480308230 60
2532073513 60
2584007912 60
2635819232 60
2687700186 60
2739508716 60
2791453142 60
2843461530 60
2895312740 60
2947344818 60
2999188054 60
3050902099 60
3105692474 70
3159830385 70
3214378060 70
3268353240 70
3322800650 70
3377428378 70
3431476434 70
3485684707 70
3539784779 70
3593888922 70
3648045102 70
3702611746 70
3756665377 70
3810864114 70
3865261982 70
3919375562 70
3973377252 70
4028400072 70
4082442777 70
4137039530 70
4191102390 70
4245183642 70
4316784 70
58327864 70
112679989 70
166710747 70
220894132 70
275335082 70
329605575 70
383576354 70
437809646 70
492450321 70
546573698 70
600579801 70
654673093 70
708696623 70
762724354 70
816742383 70
871413842 70
925415467 70
979765603 70
1033831219 70
1087908643 70
1141922621 70
1195941028 70
1249941253 70
1303935394 70
1359003025 70
1413224819 70
1467276414 70
1521483240 70
1575910383 70
1630264951 70
1684330694 70
1738509595 70
1792574599 70
1846707314 70
1900779178 70
1954825020 70
2008881674 70
2063341521 70
2117413897 70
2171707140 70
2226040805 70
2280092282 70
2334260333 70
2388356764 70
2442356332 70
2496701828 70
2550795134 70
2604955475 70
2659378484 70
2713442520 70
2768015284 70
2822380302 70
2876361714 70
2930448016 70
2985002344 70
3039987340 70
3094067193 70
3148140383 70
3202661604 70
3257261217 70
3311608657 70
3366039222 70
3420120222 70
3474579535 70
3528644474 70
3583716170 70
3637774858 70
3691887932 70
3745954285 70
3799974351 70
3853998488 70
3908468709 70
3962979519 70
4017039163 70
4071145762 70
4125615812 70
4179721270 70
4236688813 80
4293032024 80
54334484 80
110627351 80
167186579 80
223525422 80
279746669 80
336383014 80
392627472 80
448838186 80
505065111 80
561525307 80
618078211 80
674666584 80
730918279 80
787211783 80
843976227 80
900638432 80
956957028 80
1013268258 80
1069792968 80
1126486050 80
1182824361 80
1239420985 80
1295624784 80
1352470052 80
1408817903 80
1465209907 80
1521881121 80
1578382671 80
1634584249 80
1690879384 80
1747378058 80
1803676853 80
1860276584 80
1916658534 80
1973051651 80
2029260448 80
2085952525 80
2142418356 80
2198686371 80
2255105726 80
2311768000 80
2368127571 80
2424507171 80
2480753991 80
2536997198 80
2593451404 80
2649970254 80
2706407564 80
2762619462 80
2818872275 80
2875167781 80
2931878358 80
2988362194 80
3044855829 80
3101230555 80
3157771879 80
3214225460 80
3270699619 80
3327035320 80
3383541392 80
3440317639 80
3496661012 80
3553284334 80
3609755676 80
3665984345 80
3722281874 80
3778800228 80
3835172595 80
3891539841 80
3947948293 80
4004720056 80
4061198456 80
4117816519 80
4174184187 80
4230538051 80
4286872690 80
48297622 80
104702204 80
161028393 80
217759473 80
274273847 80
330574078 80
386955336 80
443274286 80
499582302 80
555846916 80
612076964 80
668520704 80
725287643 80
781727436 80
838013296 80
894581696 80
950880130 80
1007201782 80
1063550440 80
1119870650 80
1176209719 80
1232920217 80
1292334772 90
1350998483 90
1409522879 90
1467980699 90
1526579224 90
1585204868 90
1643984489 90
1702737763 90
1761733499 90
1820265523 90
1878866802 90
1937578290 90
1996177516 90
2054799292 90
2113415164 90
2172127502 90
2231109393 90
2290058706 90
2348727457 90
2407370922 90
2465870621 90
2524739140 90
2583342124 90
2641876002 90
2700442853 90
2759193753 90
2817746744 90
2876513160 90
2935329836 90
2994269641 90
3052921500 90
3111364096 90
3169842882 90
3228360424 90
3287027662 90
3345599664 90
3404221450 90
3463089522 90
3521781382 90
3580289321 90
3638991949 90
3697596761 90
3756103354 90
3814788473 90
3873692231 90
3932584068 90
3991200248 90
4050095727 90
4108580306 90
4167298894 90
4225875376 90
4284838746 90
48649860 90
107197571 90
165712301 90
224497578 90
283511249 90
341981736 90
400549108 90
459124805 90
517926723 90
576578485 90
635405404 90
694055946 90
752699453 90
812103365 90
870772085 90
929510470 90
988109807 90
1046651519 90
1105082806 90
1163589544 90
1222361890 90
1281074601 90
1340333206 90
1398781805 90
1457582484 90
1516262202 90
1574876761 90
1633379018 90
1692045842 90
1751056691 90
1809613737 90
1868865723 90
1927442763 90
1985949733 90
2044443694 90
2103256707 90
2162021672 90
2220708654 90
2279351950 90
2338127380 90
2397188289 90
2456207252 90
2515065695 90
2573852501 90
2632419404 90
2691004894 90
2749556023 90
2808120914 90
