2507162008 1
2552020483 1
2596836367 1
2641654127 1
2686475840 1
2731304545 1
2776129679 1
2820939533 1
2865761090 1
2910592341 1
2955431323 1
3000300605 1
3045145165 1
3090008769 1
3134915731 1
3179743898 1
3224591731 1
3269436920 1
3314292321 1
3359135219 1
3403980289 1
3448816511 1
3494267667 1
3539116377 1
3583960012 1
3628845928 1
3673691379 1
3718530917 1
3763379584 1
3808210634 1
3853062381 1
3897921627 1
3942752914 1
3987603877 1
4032880718 1
4077736574 1
4122574319 1
4167520733 1
4212409242 1
4257276126 1
7174702 1
52049856 1
96908999 1
141782411 1
186645500 1
231517473 1
276886041 1
321740231 1
366603463 1
411480026 1
456348751 1
501237121 1
546126627 1
591010454 1
635909897 1
680794987 1
725658151 1
770519221 1
815407629 1
860282896 1
905200645 1
950053213 1
994933930 1
1039797875 1
1084682258 1
1129514171 1
1174381083 1
1219320213 1
1264159844 1
1309009835 1
1353867141 1
1398765348 1
1443647468 1
1488533456 1
1533379845 1
1578251621 1
1623110449 1
1667990636 1
1712876861 1
1757760251 1
1802759881 1
1847645648 1
1892511965 1
1937387927 1
1982291799 1
2027150251 1
2072012782 1
2116899725 1
2161768173 1
2206675944 1
2251547299 1
2296494742 1
2341375913 1
2386277258 1
2431235865 1
2476101288 1
2520961680 1
2566566277 1
2611430144 1
2656298260 1
2748396131 10
2795426989 10
2842420375 10
2889455447 10
2936458087 10
2983466613 10
3030456013 10
3077877519 10
3124833833 10
3171810041 10
3218769345 10
3265706487 10
3312688320 10
3359692295 10
3406654213 10
3453632777 10
3500619427 10
3547623611 10
3594649791 10
3641636903 10
3688630939 10
3735650367 10
3782653803 10
3829692784 10
3876728869 10
3923690112 10
3970676067 10
4017671230 10
4064649951 10
4111654411 10
4159074995 10
4206094761 10
4253094334 10
5150125 10
52144899 10
99130978 10
146068679 10
193065817 10
240022504 10
286989371 10
333954891 10
380971587 10
427954113 10
474965619 10
521981619 10
568985090 10
615976302 10
662996809 10
710047263 10
757050242 10
804044124 10
851053047 10
898056372 10
945120822 10
992113619 10
1039113231 10
1086097948 10
1133126955 10
1180149647 10
1227162522 10
1274172333 10
1321162921 10
1368153879 10
1415165853 10
1462190668 10
1509233231 10
1556225767 10
1603231076 10
1650236748 10
1697233403 10
1744254974 10
1791289355 10
1838304971 10
1885345591 10
1932302363 10
1979282757 10
2026256922 10
2073278634 10
2120275809 10
2167302535 10
2214298528 10
2261313798 10
2308298545 10
2355285305 10
2402275109 10
2449280784 10
2496295373 10
2543327673 10
2590329777 10
2637377032 10
2684388227 10
2731419731 10
2778412232 10
2825408457 10
2872413496 10
2919429892 10
2966442133 10
3013509233 10
3060536457 10
3107571472 10
3247203511 20
3296548562 20
3345904042 20
3395281805 20
3444654530 20
3494000262 20
3543385814 20
3592752072 20
3642119345 20
3691458739 20
3740815620 20
3790190963 20
3839567105 20
3888980555 20
3938375209 20
3987739367 20
4037152369 20
4086490416 20
4135853607 20
4185219701 20
4234622488 20
4283971667 20
38394014 20
87804413 20
137179746 20
186550007 20
235948222 20
285340317 20
334719122 20
384097419 20
433480567 20
482829677 20
532206495 20
581654208 20
631043697 20
680460001 20
729858380 20
779242671 20
828626127 20
877989386 20
927402683 20
976776547 20
1026154462 20
1075557877 20
1124919922 20
1174319089 20
1223636245 20
1273052577 20
1322441141 20
1371781092 20
1421232009 20
1470629971 20
1519994171 20
1569354833 20
1618764245 20
1668114119 20
1717494371 20
1766865554 20
1816226537 20
1866123799 20
1915489083 20
1964891670 20
2014275681 20
2063729861 20
2113120607 20
2162473214 20
2211863965 20
2261235810 20
2310688562 20
2360104171 20
2409537588 20
2458929669 20
2508323375 20
2557673201 20
2607079471 20
2656482039 20
2705869179 20
2755276393 20
2804680696 20
2854005761 20
2903341819 20
2952730438 20
3002666479 20
3052047875 20
3101460613 20
3150814222 20
3200269996 20
3249671233 20
3299072047 20
3348445464 20
3397861368 20
3447233519 20
3496614178 20
3546023746 20
3595427611 20
3644807131 20
3694171461 20
3743562046 20
3792982889 20
3842359124 20
4028973353 30
4080536892 30
4131970715 30
4183624048 30
4235143733 30
4286859885 30
43437513 30
95048057 30
146611100 30
198294148 30
250060072 30
301771613 30
353293189 30
404830541 30
456305231 30
508031644 30
559550377 30
611079283 30
662748627 30
714324231 30
765802330 30
817306814 30
868934130 30
920496532 30
972044392 30
1023635801 30
1075173289 30
1126678256 30
1178287146 30
1229838665 30
1281399609 30
1332899061 30
1384619715 30
1436320258 30
1487891410 30
1539404953 30
1590982544 30
1642484654 30
1693981197 30
1745541281 30
1797210806 30
1848837379 30
1900304936 30
1951807296 30
2003286009 30
2055011933 30
2106543406 30
2158136430 30
2209890063 30
2261520731 30
2313029473 30
2364634100 30
2416143128 30
2467643671 30
2519352551 30
2570945995 30
2622911301 30
2674451410 30
2726002291 30
2777633557 30
2829351136 30
2880860179 30
2932453454 30
2984050627 30
3035717654 30
3087204985 30
3139371343 30
3190976251 30
3242447308 30
3294009393 30
3345660655 30
3397160619 30
3448646905 30
3500161857 30
3551651090 30
3603161267 30
3655060676 30
3706539974 30
3757999751 30
3809505247 30
3861011338 30
3912698622 30
3964204855 30
4015752583 30
4067238313 30
4118754261 30
4170737714 30
4222225245 30
4273711282 30
30335500 30
81963986 30
133461937 30
184954792 30
236711449 30
288218504 30
339933437 30
391884525 30
443450545 30
495044222 30
546717578 30
780654562 40
834474358 40
888201758 40
941850219 40
995586383 40
1049274388 40
1103108357 40
1156696397 40
1210379249 40
1263960061 40
1317467778 40
1371243179 40
1424885188 40
1478837255 40
1532397870 40
1586122260 40
1639845925 40
1693582053 40
1747262179 40
1800980369 40
1854500696 40
1908321197 40
1961896099 40
2015927102 40
2069460051 40
2123103360 40
2176616177 40
2230237447 40
2283833788 40
2337382002 40
2391113532 40
2444860753 40
2498631969 40
2552223170 40
2605846786 40
2659496477 40
2713097661 40
2766816073 40
2820596584 40
2874381749 40
2927921277 40
2981658380 40
3035390601 40
3089984089 40
3143749651 40
3197395525 40
3251251206 40
3304978842 40
3358532543 40
3412364948 40
3466146173 40
3519873874 40
3573606189 40
3627161123 40
3680889226 40
3734432077 40
3788072853 40
3841884501 40
3895589049 40
3949110702 40
4002694163 40
4056423803 40
4110066642 40
4163848453 40
4217404307 40
4270901528 40
29576934 40
83208605 40
136927615 40
190550072 40
244342728 40
298109879 40
351833519 40
405388026 40
458972558 40
512705393 40
566436206 40
619999795 40
673736155 40
727566688 40
781163741 40
834906021 40
888616549 40
942460548 40
996043029 40
1049746447 40
1103957993 40
1157706024 40
1211585923 40
1265296833 40
1318890763 40
1372515730 40
1426315753 40
1480099323 40
1533822793 40
1587486117 40
1641214469 40
1694799245 40
1748348452 40
1802099743 40
2083804605 50
2139522878 50
2195442948 50
2251412623 50
2307109283 50
2363065525 50
2419049733 50
2474760236 50
2530538145 50
2586309103 50
2641975200 50
2697665093 50
2754062740 50
2809879373 50
2865929194 50
2921579556 50
2977437946 50
3033538632 50
3089508498 50
3145441649 50
3201123773 50
3257047928 50
3313045634 50
3368973233 50
3424958055 50
3480835218 50
3536743785 50
3592727994 50
3648740581 50
3704422169 50
3760377483 50
3816552246 50
3872502805 50
3928510031 50
3984572262 50
4040550867 50
4096289920 50
4152292066 50
4208069595 50
4264141904 50
25692097 50
81659931 50
137636504 50
193530516 50
249532457 50
305424444 50
361077170 50
417008189 50
473035125 50
529441019 50
585444757 50
641500915 50
697506173 50
753551121 50
809429097 50
865394538 50
921403277 50
977471602 50
1033315358 50
1089249087 50
1144978896 50
1200942347 50
1256624038 50
1312586337 50
1368392294 50
1424263226 50
1480261111 50
1536212327 50
1592186183 50
1647939159 50
1703633643 50
1759370305 50
1815256629 50
1870908201 50
1926906523 50
1982794219 50
2038806522 50
2094787486 50
2151287493 50
2207319943 50
2263248809 50
2319090463 50
2375038282 50
2430801250 50
2486641373 50
2542477220 50
2598150851 50
2654585425 50
2710375419 50
2766389235 50
2822401863 50
2878369712 50
2934058871 50
2989672397 50
3045534342 50
3101524232 50
3157981190 50
3213983540 50
3269892211 50
3325695063 50
3654209397 60
3712511165 60
3770481100 60
3829161392 60
3886858453 60
3944629305 60
4002416909 60
4060658435 60
4119331936 60
4177203527 60
4235144820 60
4293893187 60
57339450 60
115215591 60
173013977 60
230859858 60
289279549 60
347061709 60
405517367 60
463280195 60
522030145 60
580324249 60
638746039 60
697168625 60
754931806 60
812657350 60
870474458 60
928932103 60
986713960 60
1044986145 60
1102823023 60
1161076764 60
1218869959 60
1276700799 60
1334541183 60
1392553366 60
1450439969 60
1508258757 60
1567332891 60
1626076065 60
1683837433 60
1742260486 60
1800420159 60
1858152865 60
1915891632 60
1973659103 60
2031389505 60
2090425137 60
2148711210 60
2206512399 60
2265000081 60
2322801109 60
2380690434 60
2438440966 60
2496222570 60
2554900632 60
2613450151 60
2671257212 60
2729084213 60
2786896974 60
2845029315 60
2902810488 60
2961231865 60
3019521899 60
3077373481 60
3136577340 60
3194874583 60
3252662991 60
3310506695 60
3368268887 60
3426776743 60
3484548338 60
3542373799 60
3601044992 60
3659203529 60
3717529627 60
3775291058 60
3833761101 60
3891615805 60
3949433099 60
4007259322 60
4065090708 60
4122910513 60
4180892763 60
4239437598 60
2298167 60
60252066 60
118682712 60
176490633 60
235252513 60
293025207 60
350920058 60
408680155 60
466927144 60
525103531 60
582823586 60
640628440 60
698365599 60
756179281 60
814063168 60
1190449167 70
1251733835 70
1311701614 70
1371666190 70
1431722957 70
1491618673 70
1551732395 70
1611810286 70
1672627299 70
1732606425 70
1792593008 70
1852607385 70
1912663573 70
1973092669 70
2033887485 70
2093845136 70
2154141239 70
2214677439 70
2274727444 70
2335703461 70
2397007966 70
2457013323 70
2517771386 70
2578152379 70
2638434942 70
2699029501 70
2759087288 70
2819088637 70
2879081749 70
2939739023 70
2999651043 70
3059714895 70
3119668120 70
3180186346 70
3240136335 70
3300112177 70
3360225125 70
3420145957 70
3480364833 70
3540872665 70
3601013847 70
3662070369 70
3722161256 70
3782158137 70
3843228530 70
3904288631 70
3964302587 70
4025451819 70
4086050129 70
4146580695 70
4206588796 70
4266987884 70
32025799 70
93025642 70
153725094 70
213628032 70
274180071 70
334137237 70
394020845 70
454047148 70
515112639 70
575249741 70
635920962 70
695898411 70
756428934 70
817642910 70
877572164 70
938652729 70
998647682 70
1059727126 70
1119743397 70
1180835065 70
1241547743 70
1302286401 70
1362329825 70
1423109339 70
1483000616 70
1543398025 70
1603426133 70
1663331168 70
1723340356 70
1784386248 70
1844272546 70
1904236987 70
1964262523 70
2024231933 70
2084967070 70
2145352443 70
2205276154 70
2266360399 70
2326681843 70
2387677443 70
2448718434 70
2509608431 70
2569687121 70
2629789176 70
2689763693 70
2750791063 70
2810836512 70
2871870991 70
3294742302 80
3357332810 80
3419794579 80
3482095333 80
3544360054 80
3606792015 80
3669259457 80
3732130233 80
3794664934 80
3857276242 80
3919656729 80
3982433739 80
4044838878 80
4107308869 80
4169718803 80
4232529137 80
191867 80
62899034 80
125227916 80
187980780 80
250437168 80
313240041 80
375956805 80
438538950 80
501296184 80
563967106 80
626721926 80
689058259 80
751596841 80
813982809 80
876781619 80
939443405 80
1001883929 80
1064267437 80
1126488374 80
1189066090 80
1251524963 80
1314260168 80
1376655259 80
1439248823 80
1502051161 80
1564699107 80
1627083464 80
1689444684 80
1752022175 80
1815001873 80
1877803589 80
1940557369 80
2002867569 80
2065185895 80
2127950983 80
2190301073 80
2252551710 80
2315636295 80
2378214697 80
2441051134 80
2503423663 80
2566070446 80
2628583840 80
2691134913 80
2753386861 80
2816828204 80
2879194023 80
2941684052 80
3004084839 80
3066392156 80
3129221946 80
3191951343 80
3254497967 80
3317582153 80
3380258860 80
3442962660 80
3505756237 80
3568443340 80
3631235609 80
3693511473 80
3756144724 80
3819239248 80
3882047704 80
3944715373 80
4006970285 80
4069623726 80
4132378665 80
4194922208 80
4257643424 80
25400398 80
87716315 80
150419621 80
212655047 80
275063373 80
337807533 80
400175635 80
462542552 80
525009807 80
587663895 80
650149272 80
712670486 80
775329549 80
837638289 80
900308659 80
1371088000 90
1436555552 90
1501895993 90
1567264977 90
1631651807 90
1696103870 90
1760455369 90
1825961933 90
1891049408 90
1956768619 90
2021120563 90
2086392585 90
2151654395 90
2217263699 90
2282515348 90
2346853819 90
2411238755 90
2476705602 90
2541073718 90
2605428078 90
2669728044 90
2735300525 90
2800021996 90
2865257843 90
2930031631 90
2994484477 90
3059388640 90
3123872206 90
3188195700 90
3252539150 90
3316864925 90
3381212442 90
3445588697 90
3511161476 90
3576584156 90
3641475319 90
3705808060 90
3770191728 90
3835762466 90
3900861611 90
3965726735 90
4030022543 90
4095267502 90
4159782873 90
4224271161 90
4288532216 90
57963164 90
123020047 90
187508931 90
251873863 90
316783583 90
382381229 90
446729533 90
511400881 90
575719476 90
640116785 90
705712673 90
771287853 90
836556795 90
900859951 90
965835390 90
1030177911 90
1094525417 90
1159890605 90
1225156059 90
1290287298 90
1354624465 90
1418944342 90
1483340136 90
1548081288 90
1612458410 90
1677736736 90
1742045358 90
1806878631 90
1872491385 90
1937246310 90
2002391263 90
2066796363 90
2131151653 90
2195519609 90
2260053575 90
2324952047 90
2389282200 90
2454220581 90
2519353335 90
2584015120 90
2649409716 90
2714981565 90
2779266055 90
2844819586 90
2910413865 90
2974772371 90
3039353391 90
3104163927 90
3168864360 90
3233159135 90
3297553829 90
3361931655 90
3426612678 90
3490979109 90
